35 0.119315 0.111437 0.178488 0.176697 0.946011
35 0.310228 0.112139 0.17476 0.175136 0.938395
35 0.25695 0.528284 0.173833 0.176585 0.918809
192 0.436036 0.524352 0.170106 0.174315 0.917434
125 0.897807 0.112772 0.194699 0.176525 0.917015
192 0.108806 0.31068 0.172416 0.169398 0.877212
192 0.699707 0.111562 0.167996 0.172342 0.872506
125 0.50981 0.112645 0.191922 0.174209 0.869405
192 0.610204 0.52677 0.172892 0.175538 0.841396
125 0.811919 0.527169 0.19892 0.184571 0.810782
125 0.131305 0.725741 0.19167 0.17479 0.8086
