35 0.115321 0.312912 0.182834 0.182072 0.96022
35 0.868695 0.527844 0.180137 0.181522 0.923727
35 0.291441 0.113005 0.172966 0.175955 0.922324
192 0.280116 0.526911 0.170385 0.175036 0.921196
35 0.678072 0.529301 0.17783 0.180164 0.917429
192 0.101355 0.111935 0.170111 0.171115 0.910752
192 0.680544 0.112142 0.168669 0.172797 0.889011
125 0.492588 0.112908 0.191169 0.177008 0.870056
125 0.881704 0.113028 0.197003 0.17848 0.870009
125 0.476267 0.527642 0.193638 0.179868 0.841237
192 0.101583 0.527749 0.168831 0.170372 0.830102
125 0.123589 0.728365 0.19682 0.176789 0.804178
