35 0.886342 0.507738 0.178119 0.178356 0.95772
35 0.88613 0.107732 0.172896 0.172057 0.938868
35 0.495608 0.107815 0.169392 0.171621 0.938837
35 0.327307 0.50558 0.166681 0.173986 0.933368
192 0.108581 0.700996 0.171057 0.169765 0.895388
192 0.107453 0.104953 0.16729 0.168212 0.890491
192 0.106723 0.299576 0.170039 0.16779 0.883694
192 0.70297 0.504513 0.163829 0.170502 0.863734
125 0.518984 0.506471 0.183041 0.170986 0.842859
125 0.691215 0.107252 0.185996 0.172343 0.812262
125 0.303812 0.106541 0.184476 0.170355 0.810877
125 0.129123 0.507116 0.188187 0.172435 0.760694
