115 0.690728 0.346096 0.139695 0.157426 0.964205
25 0.374784 0.821066 0.12567 0.161939 0.961608
25 0.212163 0.584644 0.121033 0.157302 0.957131
25 0.530126 0.109978 0.129884 0.161752 0.955535
115 0.373077 0.580828 0.136755 0.154237 0.949338
115 0.218314 0.8173 0.136976 0.156568 0.941075
14 0.0583606 0.81993 0.116532 0.165426 0.940142
25 0.530185 0.347122 0.124635 0.16024 0.938009
115 0.37411 0.108401 0.139601 0.160234 0.934841
14 0.059023 0.110698 0.117706 0.165422 0.932623
17 0.845913 0.855315 0.126876 0.162759 0.930335
17 0.84649 0.618323 0.125884 0.162005 0.920542
14 0.0585448 0.585019 0.116968 0.163965 0.917377
14 0.0584339 0.350258 0.115886 0.158361 0.914849
118 0.530304 0.854757 0.151337 0.174075 0.914227
28 0.690722 0.856432 0.125342 0.162842 0.909145
28 0.683503 0.146619 0.130947 0.166543 0.904879
28 0.37282 0.382361 0.128666 0.16242 0.901764
118 0.841801 0.14647 0.157178 0.171829 0.895017
17 0.846562 0.383096 0.126544 0.162117 0.891658
118 0.53003 0.617207 0.151484 0.168549 0.88922
17 0.210216 0.14528 0.12115 0.158457 0.875361
118 0.213147 0.381911 0.149464 0.168531 0.869994
28 0.690902 0.619377 0.124276 0.161568 0.860776
