117 0.250729 0.588276 0.145103 0.177015 0.978569
117 0.417941 0.106998 0.143084 0.183215 0.970288
8 0.593611 0.149179 0.150981 0.153434 0.968628
117 0.89633 0.346448 0.144413 0.182627 0.968587
19 0.588245 0.628683 0.148153 0.149531 0.967108
19 0.752778 0.865977 0.150587 0.147649 0.966029
117 0.252214 0.822772 0.142256 0.180613 0.959777
19 0.258834 0.388435 0.148669 0.146885 0.954012
98 0.2594 0.146981 0.168028 0.162489 0.946792
8 0.100344 0.866788 0.153272 0.152992 0.946361
27 0.731338 0.590332 0.125412 0.184878 0.942266
19 0.913152 0.149959 0.157504 0.156607 0.939084
16 0.0846228 0.59229 0.131742 0.175629 0.932362
8 0.426856 0.625814 0.15073 0.150089 0.924696
16 0.0843279 0.34948 0.133782 0.184055 0.921882
16 0.897145 0.827854 0.129292 0.188173 0.919709
98 0.902856 0.623052 0.16672 0.161256 0.912893
8 0.578331 0.387295 0.150946 0.152483 0.897806
98 0.424743 0.860184 0.166631 0.15934 0.896848
16 0.083728 0.111653 0.132848 0.186711 0.894683
98 0.737451 0.385425 0.161562 0.155061 0.882301
27 0.406553 0.351835 0.1279 0.183656 0.873993
27 0.581486 0.826315 0.127029 0.18378 0.872886
27 0.738556 0.110481 0.126116 0.182052 0.800688
