101 0.480803 0.124501 0.158454 0.194924 0.961035
23 0.887848 0.660406 0.176596 0.181133 0.958497
101 0.10875 0.853389 0.157763 0.190612 0.95777
22 0.106861 0.124972 0.143288 0.195307 0.945871
12 0.0886594 0.407459 0.165148 0.1767 0.916879
23 0.653733 0.168376 0.171349 0.182346 0.907131
102 0.875643 0.169228 0.179901 0.185449 0.902743
102 0.285445 0.660152 0.173734 0.181033 0.888009
22 0.108482 0.616293 0.130648 0.193419 0.879913
12 0.678817 0.658438 0.16351 0.179302 0.852292
11 0.512284 0.618341 0.136675 0.197002 0.837566
11 0.294038 0.126636 0.138274 0.194422 0.835953
