23 0.278024 0.664036 0.172264 0.183515 0.968942
101 0.729284 0.120063 0.161728 0.193267 0.95832
23 0.491954 0.166772 0.175984 0.179857 0.948894
101 0.514872 0.620336 0.162034 0.193863 0.937607
22 0.107726 0.620539 0.141145 0.198935 0.921286
12 0.277421 0.161986 0.165857 0.186283 0.918991
22 0.108053 0.119552 0.141217 0.200492 0.915245
102 0.100097 0.408692 0.180283 0.184045 0.913363
12 0.877643 0.661308 0.167621 0.186755 0.891009
11 0.710932 0.621817 0.135294 0.195085 0.859823
102 0.10016 0.907025 0.179834 0.180839 0.844377
11 0.925041 0.121653 0.136816 0.199873 0.808758
