182 0.881525 0.367232 0.147039 0.13863 0.990447
72 0.417207 0.738157 0.12368 0.131755 0.984375
72 0.725715 0.367167 0.126711 0.132108 0.984271
182 0.723104 0.73754 0.143101 0.136465 0.982635
182 0.279836 0.924749 0.142105 0.134992 0.98225
72 0.574033 0.925639 0.125524 0.13184 0.981186
182 0.728676 0.927015 0.144189 0.136761 0.980705
182 0.881514 0.73943 0.14577 0.136287 0.977488
216 0.882802 0.925058 0.134215 0.135906 0.972206
182 0.273684 0.365343 0.143333 0.135287 0.962993
216 0.578297 0.367003 0.130199 0.134509 0.961413
216 0.12155 0.92412 0.134084 0.135826 0.959156
72 0.270631 0.738488 0.125345 0.130955 0.959002
216 0.56759 0.738332 0.130759 0.134662 0.939539
72 0.42841 0.926948 0.122563 0.128889 0.938424
216 0.426448 0.366259 0.130515 0.134956 0.935746
72 0.116911 0.365955 0.128541 0.133956 0.934501
208 0.666779 0.567073 0.122936 0.103013 0.934311
174 0.391739 0.56622 0.133949 0.10761 0.931475
174 0.797901 0.192908 0.144177 0.112351 0.928261
216 0.123135 0.73798 0.132907 0.136121 0.92707
208 0.393124 0.19502 0.127588 0.107367 0.925711
174 0.531188 0.565772 0.135629 0.105133 0.920856
208 0.252875 0.566706 0.119614 0.103506 0.915858
64 0.797877 0.568665 0.124974 0.106136 0.915169
208 0.52718 0.194176 0.127706 0.107313 0.91142
64 0.65692 0.196759 0.119465 0.105688 0.904922
174 0.25859 0.191602 0.135522 0.108492 0.891405
64 0.117754 0.568545 0.120952 0.104275 0.875671
64 0.118142 0.196212 0.122849 0.107732 0.875172
