209 0.885802 0.140037 0.183176 0.160205 0.980702
209 0.706811 0.597351 0.177979 0.158018 0.970476
65 0.490558 0.139125 0.173447 0.158729 0.965822
73 0.0967221 0.56051 0.161456 0.182935 0.962004
73 0.0965316 0.0986635 0.163475 0.188267 0.956786
217 0.291808 0.102992 0.169335 0.188823 0.94961
65 0.895285 0.596812 0.17242 0.15817 0.942218
217 0.103379 0.781967 0.170155 0.187632 0.934595
183 0.298247 0.558215 0.177593 0.192079 0.917357
175 0.504796 0.595571 0.19243 0.161123 0.905395
183 0.682121 0.100495 0.176811 0.191547 0.891796
175 0.115388 0.359668 0.193759 0.161824 0.884669
