176 0.311732 0.117616 0.182914 0.178105 0.97703
176 0.126879 0.817733 0.182976 0.180921 0.976354
177 0.102452 0.117483 0.178356 0.176906 0.972364
66 0.705491 0.592105 0.162401 0.177971 0.968944
211 0.0976024 0.348129 0.162529 0.175875 0.968015
177 0.10209 0.588536 0.17833 0.180616 0.966557
67 0.293804 0.346804 0.162694 0.176932 0.966289
66 0.512371 0.119482 0.161505 0.175125 0.96307
210 0.712679 0.12002 0.170888 0.183137 0.960308
210 0.509673 0.591839 0.169046 0.178771 0.94227
211 0.30697 0.590576 0.165341 0.17619 0.903325
64 0.898974 0.614252 0.156163 0.139951 0.874061
