243 0.0832367 0.547705 0.158833 0.138681 0.980174
243 0.248034 0.35631 0.160783 0.138959 0.978197
243 0.0831329 0.739188 0.158998 0.138731 0.97631
198 0.919559 0.54906 0.160765 0.144259 0.975317
95 0.920951 0.13906 0.149786 0.163469 0.969936
251 0.0731058 0.326142 0.140607 0.148873 0.968928
243 0.76179 0.164274 0.157958 0.13935 0.966226
251 0.0731713 0.135005 0.139885 0.150612 0.965839
251 0.405059 0.516259 0.14213 0.14971 0.962062
206 0.743207 0.521914 0.138347 0.155189 0.959685
206 0.409761 0.905351 0.142058 0.158492 0.956729
206 0.243762 0.712783 0.139128 0.156293 0.953778
251 0.914049 0.900801 0.143942 0.154727 0.953078
243 0.0824407 0.92991 0.157851 0.137643 0.948785
206 0.5745 0.330971 0.145031 0.157049 0.947855
87 0.922822 0.357565 0.154357 0.142361 0.942538
87 0.251731 0.930294 0.160697 0.139413 0.942116
95 0.243851 0.521582 0.142186 0.157147 0.94052
251 0.915284 0.70936 0.140854 0.152519 0.936567
206 0.242571 0.138916 0.145818 0.160908 0.931526
87 0.590294 0.738731 0.158354 0.140142 0.930873
87 0.582738 0.547924 0.162567 0.139754 0.923961
87 0.421711 0.165794 0.162611 0.144119 0.914023
95 0.41325 0.71304 0.151879 0.158261 0.910355
95 0.410111 0.331132 0.142184 0.155316 0.903755
95 0.755391 0.905245 0.142698 0.158425 0.901893
198 0.757951 0.358581 0.16521 0.141352 0.887592
198 0.758653 0.741546 0.16063 0.13876 0.882379
198 0.592927 0.16674 0.157111 0.139494 0.856169
198 0.590956 0.930388 0.162892 0.138861 0.850031
