60 0.916382 0.0969787 0.128869 0.158816 0.985353
60 0.574991 0.0965787 0.126938 0.158021 0.984998
60 0.915555 0.323153 0.131088 0.16028 0.97988
60 0.439521 0.322773 0.124543 0.156384 0.972013
134 0.279162 0.326669 0.17379 0.169096 0.967225
134 0.755273 0.0984161 0.17825 0.18016 0.963497
134 0.0889967 0.326333 0.172663 0.172026 0.962769
134 0.413059 0.0991228 0.176215 0.175286 0.959125
112 0.595747 0.324259 0.133508 0.156181 0.924882
126 0.371179 0.572027 0.166878 0.138985 0.911755
112 0.226618 0.0980011 0.135118 0.158627 0.910589
104 0.207068 0.571739 0.127095 0.122942 0.907798
126 0.671434 0.572764 0.164759 0.138219 0.905403
126 0.259076 0.798905 0.167324 0.1372 0.89723
126 0.0891283 0.799329 0.168394 0.141171 0.893897
104 0.0656872 0.571504 0.12592 0.122968 0.87718
112 0.0660883 0.0956816 0.129616 0.161 0.874659
112 0.759222 0.322996 0.134901 0.159924 0.86147
104 0.406488 0.799601 0.125534 0.121078 0.858149
52 0.513704 0.572164 0.11484 0.115313 0.8403
104 0.675513 0.799101 0.125025 0.121613 0.808665
52 0.812275 0.5715 0.116188 0.117547 0.806579
52 0.810756 0.798931 0.119031 0.121284 0.790962
52 0.538415 0.797862 0.11734 0.118714 0.783977
