60 0.738701 0.892157 0.115593 0.141021 0.974706
60 0.737952 0.685929 0.115046 0.141494 0.974617
60 0.105514 0.687081 0.117334 0.14316 0.965886
134 0.418529 0.893578 0.162974 0.156439 0.951656
134 0.593163 0.689257 0.163243 0.156789 0.947683
60 0.105481 0.892835 0.115808 0.140426 0.94125
126 0.262809 0.294254 0.15458 0.125491 0.939512
112 0.8804 0.891902 0.123867 0.142733 0.939099
134 0.591943 0.89428 0.158482 0.155104 0.929264
126 0.251577 0.501128 0.153673 0.123963 0.920704
112 0.247893 0.891842 0.123724 0.141629 0.918571
126 0.650409 0.294325 0.154082 0.124604 0.917363
112 0.879836 0.685746 0.124592 0.145346 0.912927
112 0.423187 0.687656 0.120816 0.143659 0.900833
52 0.23523 0.0873669 0.106557 0.107566 0.894096
104 0.384857 0.498599 0.115514 0.110977 0.887979
126 0.782182 0.499536 0.156055 0.125678 0.887786
126 0.627212 0.0865232 0.152217 0.129693 0.887392
52 0.634232 0.499453 0.106611 0.105132 0.887226
52 0.10603 0.498945 0.108111 0.108967 0.88077
52 0.392168 0.292566 0.0985378 0.103425 0.877246
104 0.475271 0.0893282 0.115283 0.112661 0.876374
104 0.513848 0.498796 0.114356 0.111324 0.866486
104 0.11349 0.293486 0.118536 0.113605 0.866245
52 0.506719 0.293338 0.105571 0.107614 0.865635
104 0.786706 0.293524 0.114515 0.113125 0.855703
126 0.785776 0.0862408 0.156423 0.131165 0.853883
52 0.351912 0.0880786 0.106479 0.10575 0.853321
134 0.268819 0.688986 0.16026 0.154205 0.852877
104 0.11295 0.088242 0.120412 0.117782 0.825321
