135 0.122862 0.88683 0.21307 0.221905 0.969981
113 0.0922007 0.635733 0.159368 0.206726 0.963344
135 0.317477 0.121199 0.215482 0.224586 0.963101
113 0.0928499 0.121911 0.16339 0.211077 0.962146
105 0.71511 0.678594 0.180731 0.1711 0.959603
127 0.503831 0.6776 0.217577 0.179482 0.93063
105 0.518243 0.412798 0.183011 0.171799 0.929456
127 0.307972 0.410951 0.220877 0.182312 0.92708
53 0.90309 0.679591 0.1707 0.172238 0.915105
53 0.706662 0.412855 0.176626 0.175449 0.903616
61 0.0854976 0.369715 0.150541 0.206281 0.879562
61 0.278631 0.634497 0.147591 0.203039 0.840661
