107 0.651901 0.607195 0.146906 0.175841 0.98146
107 0.86699 0.127534 0.148833 0.181274 0.976568
55 0.0980815 0.122994 0.131156 0.172445 0.975822
129 0.297083 0.125319 0.185226 0.190298 0.967541
54 0.830789 0.605483 0.136192 0.17617 0.964516
106 0.105483 0.840283 0.155737 0.179944 0.956024
106 0.105587 0.360248 0.155228 0.181433 0.955173
128 0.512646 0.125153 0.187307 0.190891 0.946793
55 0.0977942 0.605439 0.13268 0.174595 0.946665
54 0.694581 0.123178 0.131951 0.173056 0.946615
128 0.297676 0.60947 0.184634 0.181351 0.932175
55 0.478581 0.606378 0.129097 0.167265 0.897175
