131 0.907941 0.615994 0.18111 0.173171 0.986634
131 0.296221 0.15876 0.181352 0.171752 0.977573
130 0.7218 0.119628 0.180362 0.187326 0.969535
57 0.0790897 0.839957 0.153504 0.164892 0.96784
57 0.896753 0.16305 0.158949 0.167765 0.960853
130 0.484537 0.574691 0.183099 0.188362 0.957791
108 0.513852 0.118308 0.144146 0.176879 0.938655
109 0.090771 0.379596 0.155159 0.161863 0.925596
108 0.273667 0.575103 0.143828 0.175886 0.923119
109 0.668301 0.615546 0.154767 0.164617 0.91958
56 0.0941368 0.116381 0.12757 0.175772 0.90935
56 0.093858 0.575894 0.131194 0.172913 0.895251
