130 0.273973 0.103049 0.175921 0.179137 0.976618
109 0.495181 0.58244 0.148622 0.155147 0.971012
131 0.110124 0.354189 0.178847 0.167538 0.965265
57 0.0714476 0.583376 0.140179 0.154041 0.96331
57 0.441433 0.143112 0.149756 0.156463 0.957231
131 0.296372 0.581635 0.174006 0.161331 0.95343
108 0.710018 0.541479 0.143187 0.173797 0.930485
108 0.855891 0.103007 0.137886 0.171349 0.928461
109 0.641885 0.141707 0.149249 0.157973 0.913483
56 0.115337 0.755354 0.130276 0.171447 0.88882
56 0.079397 0.100901 0.125597 0.167081 0.797944
126 0.911544 0.569423 0.174255 0.151101 0.504901
130 0.911014 0.568252 0.173486 0.146307 0.382904
