132 0.320471 0.0959562 0.209902 0.186716 0.975913
132 0.121689 0.742042 0.214388 0.189294 0.961279
58 0.906265 0.533667 0.171883 0.178162 0.958133
58 0.722159 0.0999322 0.172659 0.174332 0.955421
132 0.505318 0.530566 0.209842 0.188908 0.952143
58 0.293054 0.534943 0.170032 0.172196 0.948019
110 0.717852 0.533191 0.185317 0.185789 0.934304
58 0.906909 0.0996159 0.168235 0.175023 0.932552
110 0.104712 0.532989 0.184545 0.180558 0.926194
110 0.531925 0.0978991 0.185627 0.18641 0.91203
110 0.104062 0.0967129 0.188203 0.188091 0.908387
132 0.12134 0.304894 0.209583 0.183048 0.89961
