154 0.804253 0.0857366 0.119227 0.126161 0.968616
154 0.934938 0.0863574 0.122217 0.125751 0.964749
154 0.934133 0.600018 0.11887 0.130152 0.962935
146 0.0609322 0.260312 0.114969 0.124117 0.947771
146 0.0614189 0.430224 0.115126 0.123155 0.943162
154 0.226379 0.60169 0.118854 0.12337 0.917123
63 0.451082 0.0803877 0.162701 0.131586 0.915308
169 0.600047 0.598683 0.203289 0.142901 0.913299
146 0.730864 0.260152 0.116221 0.123226 0.908763
169 0.264369 0.0800548 0.200429 0.145281 0.896589
63 0.0787971 0.0790627 0.152026 0.135168 0.881769
63 0.0780555 0.596344 0.149389 0.131438 0.879306
63 0.784676 0.596524 0.154295 0.130027 0.862325
146 0.396254 0.431841 0.11542 0.122069 0.858396
169 0.394903 0.597392 0.202805 0.143661 0.850341
169 0.638294 0.0812421 0.204537 0.147287 0.82898
161 0.228582 0.428265 0.187471 0.137957 0.776725
161 0.898375 0.256287 0.188043 0.146196 0.767663
161 0.397093 0.255259 0.190822 0.1465 0.767153
0 0.752017 0.425638 0.148821 0.124462 0.762518
0 0.209033 0.255157 0.147647 0.126083 0.744437
161 0.565161 0.428426 0.186495 0.140474 0.720887
0 0.582016 0.254272 0.150795 0.126243 0.712172
0 0.91922 0.425939 0.14854 0.128025 0.707302
