166 0.843966 0.425468 0.190033 0.146165 0.983433
166 0.210998 0.589372 0.188875 0.151892 0.981123
165 0.726442 0.893912 0.177157 0.150671 0.976902
165 0.375108 0.409186 0.175005 0.147358 0.97177
166 0.649154 0.267463 0.189025 0.144271 0.971247
151 0.0570075 0.754448 0.112865 0.140039 0.970008
166 0.37008 0.913299 0.185467 0.1517 0.959085
4 0.674602 0.569081 0.135836 0.135251 0.957886
150 0.0574317 0.409318 0.107448 0.139609 0.954397
165 0.21833 0.084425 0.17609 0.156217 0.953475
151 0.0570209 0.914585 0.113596 0.138053 0.953191
150 0.0579336 0.247474 0.106623 0.140641 0.951452
5 0.192721 0.426532 0.150467 0.140805 0.951098
150 0.0578181 0.570431 0.108838 0.141268 0.950899
165 0.217953 0.733939 0.176911 0.151158 0.947036
166 0.844964 0.100671 0.190273 0.154752 0.946932
5 0.511452 0.588352 0.150821 0.140433 0.945326
165 0.850628 0.246398 0.181665 0.149993 0.943385
150 0.0579853 0.0848447 0.108847 0.140076 0.94002
5 0.473466 0.267425 0.150246 0.139638 0.937313
5 0.543777 0.914481 0.153614 0.144833 0.935872
166 0.845706 0.749276 0.189952 0.149163 0.931127
5 0.386645 0.751653 0.150525 0.138674 0.925818
165 0.849031 0.570543 0.180537 0.151562 0.919972
151 0.683375 0.108523 0.117719 0.136937 0.914918
150 0.688835 0.733574 0.107176 0.135031 0.913721
4 0.550403 0.406993 0.138344 0.136474 0.901024
4 0.550044 0.731777 0.138571 0.137095 0.892607
5 0.542977 0.102 0.153264 0.14489 0.885527
4 0.394415 0.0831655 0.1427 0.143534 0.876149
4 0.200141 0.244939 0.139141 0.135515 0.870567
151 0.36816 0.593617 0.118441 0.133286 0.831484
151 0.682042 0.430142 0.117592 0.13798 0.822426
4 0.200849 0.893589 0.140096 0.14015 0.820977
150 0.883837 0.894531 0.11277 0.142419 0.728322
151 0.330866 0.268444 0.116092 0.136261 0.703091
