145 0.446434 0.600323 0.177941 0.182537 0.963621
226 0.251275 0.595413 0.127101 0.17004 0.96245
226 0.076629 0.345932 0.131503 0.17316 0.959859
159 0.102068 0.870068 0.177123 0.181006 0.946464
145 0.909786 0.114639 0.177232 0.184529 0.945129
159 0.275707 0.14727 0.181954 0.178104 0.925321
48 0.627815 0.598008 0.134647 0.173895 0.924306
229 0.80189 0.638569 0.136018 0.171173 0.914893
51 0.0743671 0.639277 0.128138 0.170459 0.907805
51 0.073599 0.150231 0.129451 0.164213 0.900093
48 0.705983 0.112123 0.135802 0.171211 0.884007
229 0.495818 0.151698 0.135177 0.17267 0.874144
