141 0.462946 0.122639 0.171495 0.182469 0.982086
141 0.864747 0.588629 0.173299 0.186707 0.972343
221 0.278881 0.117609 0.123945 0.170766 0.963423
140 0.835331 0.120802 0.174584 0.185587 0.959199
43 0.641109 0.11931 0.129348 0.174804 0.944651
43 0.448444 0.588325 0.128218 0.171961 0.935623
140 0.645493 0.587464 0.177267 0.186575 0.934061
222 0.115128 0.11728 0.117891 0.168425 0.929261
221 0.115761 0.586557 0.122474 0.168681 0.925492
222 0.116175 0.810821 0.120485 0.171924 0.921689
44 0.278312 0.587709 0.124208 0.169266 0.784904
44 0.116159 0.346075 0.124889 0.175991 0.758331
