145 0.465036 0.6124 0.18428 0.187174 0.96666
159 0.316373 0.149959 0.180886 0.179573 0.954719
145 0.107487 0.11709 0.181351 0.186989 0.950683
226 0.86145 0.112687 0.132592 0.177787 0.949633
229 0.0780154 0.396927 0.134288 0.170746 0.945162
159 0.107742 0.883333 0.180531 0.182606 0.937401
48 0.682905 0.114859 0.135683 0.176078 0.935623
226 0.821949 0.607788 0.131475 0.173716 0.926156
48 0.0800163 0.607778 0.133858 0.176191 0.913502
229 0.647969 0.648871 0.130427 0.167114 0.881173
51 0.503765 0.157503 0.129613 0.171579 0.864333
51 0.258052 0.649843 0.133681 0.172284 0.859978
