141 0.118452 0.375694 0.192704 0.207964 0.962997
140 0.302778 0.122372 0.194074 0.204444 0.960349
141 0.119483 0.646864 0.188257 0.208059 0.953056
43 0.501896 0.117432 0.140484 0.197924 0.951328
140 0.345577 0.647129 0.191185 0.203894 0.946823
222 0.544584 0.643424 0.137568 0.193303 0.929801
221 0.916324 0.643627 0.137284 0.189623 0.928349
221 0.091771 0.115407 0.136245 0.192489 0.925652
222 0.881104 0.115968 0.137093 0.196179 0.918913
43 0.727222 0.643447 0.138362 0.193327 0.910829
44 0.0900469 0.896859 0.138818 0.192619 0.809458
44 0.68912 0.117255 0.141521 0.1959 0.787753
