141 0.879618 0.123609 0.190733 0.209436 0.977284
222 0.0854649 0.88139 0.138058 0.191054 0.973032
141 0.113081 0.638736 0.189294 0.204127 0.962828
222 0.673308 0.117482 0.135887 0.189451 0.955428
221 0.308738 0.118245 0.135829 0.190188 0.954337
140 0.336172 0.637577 0.189498 0.20325 0.953498
221 0.717488 0.634728 0.135978 0.184764 0.950026
140 0.114205 0.123977 0.19046 0.202818 0.940618
43 0.897161 0.637325 0.139075 0.19361 0.897824
43 0.0886714 0.370077 0.139135 0.194558 0.868656
44 0.486339 0.121106 0.138165 0.190865 0.822143
44 0.528559 0.636441 0.136448 0.193606 0.791365
