223 0.304805 0.102547 0.123772 0.179033 0.951641
143 0.717788 0.14336 0.173239 0.170002 0.942499
223 0.104407 0.568754 0.12635 0.176476 0.937104
46 0.124709 0.37131 0.154001 0.161323 0.91702
143 0.506868 0.610376 0.176859 0.168109 0.905656
45 0.726724 0.569487 0.131649 0.183321 0.890215
224 0.0876493 0.146921 0.157479 0.161687 0.888576
46 0.264494 0.609049 0.145873 0.15972 0.862091
142 0.504066 0.106445 0.178049 0.191252 0.83672
142 0.189752 0.799722 0.179051 0.196115 0.770838
219 0.910423 0.599195 0.123361 0.134305 0.720722
41 0.929498 0.132981 0.121742 0.136577 0.659427
