144 0.126464 0.59768 0.189079 0.174685 0.968754
144 0.335553 0.597595 0.185101 0.176674 0.960815
47 0.110046 0.188043 0.168744 0.170479 0.950146
225 0.699183 0.598399 0.16366 0.17522 0.949826
47 0.111773 0.79782 0.172987 0.171162 0.938245
144 0.689681 0.189235 0.189704 0.179233 0.935614
47 0.883247 0.188323 0.173542 0.17558 0.934869
225 0.525177 0.596998 0.163582 0.174723 0.917573
144 0.307482 0.189397 0.188111 0.177548 0.906043
225 0.496397 0.187511 0.159294 0.169984 0.896415
225 0.10791 0.385559 0.164953 0.169263 0.892549
47 0.875014 0.598449 0.170574 0.179943 0.768676
