173 0.103413 0.884201 0.178658 0.183585 0.972882
137 0.28646 0.115042 0.178224 0.181497 0.97111
137 0.286359 0.608624 0.178258 0.185145 0.964893
36 0.0847018 0.351936 0.140444 0.172441 0.964665
36 0.822074 0.605883 0.142784 0.179319 0.956126
39 0.081721 0.15379 0.140747 0.169996 0.945923
39 0.0821284 0.646552 0.143586 0.171655 0.924459
193 0.6384 0.605871 0.136692 0.169657 0.920675
193 0.850079 0.111305 0.133696 0.169006 0.91918
196 0.46587 0.646081 0.139927 0.180016 0.910436
196 0.678397 0.153773 0.137456 0.175849 0.895825
173 0.497426 0.153246 0.177463 0.180552 0.879812
