219 0.277612 0.11396 0.110674 0.119796 0.954684
41 0.752133 0.112666 0.112328 0.121206 0.953193
41 0.140242 0.345298 0.117769 0.124077 0.951041
41 0.894172 0.345555 0.114269 0.123027 0.948792
219 0.761673 0.345221 0.110074 0.121202 0.94597
138 0.44323 0.345146 0.16187 0.139051 0.943989
157 0.165321 0.775783 0.174122 0.17656 0.943614
138 0.434732 0.112709 0.163227 0.141524 0.942906
219 0.283585 0.344849 0.112076 0.122348 0.942704
157 0.396292 0.776163 0.173737 0.175159 0.941024
219 0.142516 0.113889 0.114799 0.122922 0.937472
138 0.6127 0.344424 0.160739 0.138612 0.931653
138 0.605653 0.112747 0.163763 0.142319 0.928515
41 0.893592 0.113966 0.115081 0.123524 0.927899
49 0.139729 0.554859 0.131897 0.16793 0.907464
49 0.728565 0.556612 0.12938 0.167649 0.90344
227 0.340183 0.555125 0.130277 0.16653 0.878902
227 0.534269 0.554736 0.131581 0.16591 0.862228
