35 0.107511 0.533012 0.176837 0.178648 0.935156
125 0.896754 0.53163 0.200221 0.186617 0.934088
35 0.693503 0.532318 0.181154 0.183687 0.933076
35 0.107 0.109952 0.173485 0.177196 0.932567
35 0.874394 0.110847 0.175705 0.179161 0.908579
192 0.289496 0.52958 0.173886 0.178797 0.89488
192 0.68172 0.109389 0.171743 0.176803 0.873784
192 0.0957787 0.734286 0.177205 0.176718 0.870711
125 0.491196 0.53186 0.198393 0.183407 0.854137
192 0.501768 0.109852 0.173341 0.176628 0.845316
125 0.310074 0.111118 0.195047 0.179326 0.832205
125 0.117365 0.312483 0.198148 0.177575 0.820343
