116 0.383318 0.109126 0.135644 0.155563 0.972541
26 0.0782064 0.108766 0.126569 0.161323 0.971144
116 0.840919 0.108434 0.138054 0.155475 0.967608
97 0.650829 0.363303 0.135783 0.124744 0.960549
15 0.226269 0.110547 0.124748 0.160238 0.96021
15 0.534217 0.110301 0.124939 0.16085 0.957866
116 0.691249 0.5871 0.135595 0.154268 0.957595
116 0.233339 0.586734 0.136763 0.154702 0.957504
97 0.226896 0.362774 0.136575 0.124084 0.955032
18 0.370499 0.365597 0.118524 0.127728 0.954129
26 0.685694 0.110184 0.125407 0.161005 0.951932
26 0.386178 0.587988 0.124688 0.15808 0.951493
97 0.790085 0.845215 0.141457 0.129907 0.950671
15 0.53416 0.588957 0.122437 0.158614 0.947626
18 0.50099 0.849697 0.119883 0.12789 0.942553
26 0.845614 0.585811 0.131872 0.170383 0.942104
97 0.642194 0.844407 0.137846 0.128192 0.940835
18 0.79553 0.365212 0.120837 0.129758 0.938425
7 0.360748 0.847832 0.116389 0.127831 0.937718
15 0.0763575 0.587667 0.126016 0.162317 0.936714
18 0.223084 0.849041 0.121374 0.130486 0.929421
7 0.0828656 0.84846 0.118397 0.128138 0.927184
7 0.0828708 0.366461 0.117831 0.127575 0.926903
7 0.507116 0.366531 0.114443 0.124457 0.914218
