116 0.415652 0.835624 0.147878 0.170745 0.976843
26 0.246088 0.83807 0.133001 0.173486 0.968598
116 0.586936 0.835617 0.148569 0.169652 0.968183
26 0.754646 0.838378 0.137349 0.175268 0.95694
7 0.543706 0.0955967 0.127163 0.137939 0.955743
7 0.391488 0.0951106 0.126445 0.138132 0.955285
15 0.917807 0.838519 0.134055 0.174679 0.954605
97 0.404461 0.602348 0.149338 0.137132 0.953618
7 0.560166 0.606039 0.126146 0.138131 0.952829
97 0.699643 0.0906866 0.146418 0.137672 0.951747
15 0.0790688 0.837361 0.135422 0.176535 0.944175
18 0.241354 0.0953199 0.130189 0.138736 0.929643
7 0.865591 0.605686 0.126687 0.13832 0.918933
18 0.0870431 0.0958875 0.130767 0.136505 0.918096
18 0.247679 0.605835 0.126788 0.134966 0.916625
97 0.0913557 0.603083 0.150847 0.139125 0.908213
18 0.713166 0.606419 0.129569 0.135702 0.900092
97 0.862899 0.0891344 0.152652 0.137005 0.824023
