117 0.881516 0.112694 0.142596 0.180839 0.981853
19 0.733276 0.864015 0.149381 0.148309 0.970304
117 0.241218 0.350676 0.14345 0.181281 0.967132
8 0.414952 0.389214 0.15286 0.150483 0.960233
117 0.0846745 0.823026 0.144062 0.180387 0.95998
19 0.740379 0.628073 0.149281 0.147871 0.95777
117 0.24157 0.586416 0.138341 0.175785 0.956637
19 0.573465 0.39246 0.144101 0.143119 0.954084
8 0.415817 0.863417 0.15155 0.14834 0.953598
16 0.88473 0.589787 0.127136 0.188469 0.952246
98 0.415682 0.623141 0.163781 0.157377 0.950896
8 0.0934773 0.628188 0.15136 0.148233 0.947668
27 0.719815 0.355362 0.126403 0.181758 0.946937
98 0.725911 0.152112 0.161946 0.155798 0.94624
8 0.568087 0.152984 0.15287 0.151748 0.938372
19 0.251312 0.154109 0.149481 0.149733 0.935014
16 0.243442 0.826689 0.1306 0.186118 0.914178
98 0.891243 0.85916 0.16454 0.156492 0.911373
16 0.078281 0.354504 0.132472 0.184695 0.908615
16 0.078927 0.116422 0.135166 0.188182 0.905548
27 0.561275 0.825834 0.127029 0.184638 0.901333
27 0.568599 0.591892 0.12568 0.182009 0.893683
27 0.395548 0.114608 0.126161 0.180448 0.847147
98 0.889607 0.387267 0.168771 0.159101 0.837071
