100 0.0898538 0.86352 0.145526 0.170923 0.979986
100 0.901441 0.622253 0.147812 0.171822 0.976967
20 0.907508 0.865437 0.128709 0.168324 0.975367
100 0.25061 0.136521 0.145264 0.168325 0.972609
20 0.907261 0.133143 0.129747 0.184117 0.972162
100 0.0896599 0.381313 0.145829 0.171487 0.971152
20 0.259124 0.622012 0.127275 0.174059 0.964263
21 0.745627 0.867148 0.124004 0.163575 0.957556
20 0.418275 0.382138 0.125322 0.169025 0.955754
99 0.418507 0.865892 0.146149 0.164156 0.95483
99 0.580468 0.136733 0.1432 0.16348 0.940878
21 0.416775 0.138119 0.125078 0.165325 0.936015
99 0.0908996 0.620252 0.145581 0.171194 0.931415
9 0.0894017 0.137264 0.126863 0.176889 0.927046
9 0.257223 0.38201 0.123383 0.171349 0.921607
10 0.738103 0.382713 0.122345 0.171923 0.915015
10 0.255228 0.863466 0.124975 0.175218 0.907989
9 0.58602 0.865095 0.12223 0.166723 0.905786
99 0.900986 0.382243 0.149866 0.173916 0.896053
10 0.745099 0.137134 0.123202 0.176148 0.893543
9 0.739214 0.623875 0.122441 0.175397 0.879617
10 0.417574 0.623666 0.120192 0.168381 0.865597
21 0.578111 0.624189 0.120432 0.168381 0.85107
21 0.577689 0.383432 0.120226 0.169464 0.822234
