182 0.323193 0.119928 0.197248 0.180756 0.993634
182 0.340665 0.847759 0.191198 0.175025 0.988651
182 0.340479 0.358468 0.19106 0.180564 0.977344
216 0.109617 0.609501 0.176602 0.179453 0.975179
182 0.560038 0.846971 0.198577 0.177797 0.973048
216 0.109409 0.121749 0.178284 0.181099 0.964357
72 0.125654 0.846718 0.170493 0.177476 0.956883
216 0.770598 0.847294 0.178901 0.182609 0.951496
216 0.554317 0.359371 0.179153 0.179447 0.941342
72 0.127914 0.359013 0.167742 0.177683 0.925096
64 0.312611 0.63233 0.16068 0.140923 0.90446
64 0.53073 0.14506 0.162942 0.140785 0.879676
