182 0.110154 0.367216 0.195225 0.18249 0.99351
182 0.761806 0.624359 0.203472 0.188875 0.987025
182 0.109506 0.623427 0.194639 0.182296 0.985964
182 0.109645 0.124487 0.193922 0.181591 0.982894
72 0.0973071 0.867828 0.171961 0.181034 0.978673
216 0.326733 0.626278 0.180127 0.18288 0.966416
72 0.304924 0.866708 0.175631 0.181553 0.965441
216 0.539726 0.625494 0.178616 0.185065 0.958513
216 0.747883 0.12601 0.185454 0.186148 0.940954
216 0.531949 0.128469 0.180591 0.182223 0.93868
72 0.322072 0.368154 0.171839 0.18204 0.931541
72 0.322469 0.125835 0.168116 0.180468 0.916607
