209 0.105653 0.148462 0.182541 0.164167 0.981813
209 0.105311 0.614739 0.178334 0.159443 0.972284
175 0.904055 0.617195 0.191311 0.171268 0.964863
65 0.101419 0.842159 0.17823 0.1645 0.95769
73 0.48944 0.581186 0.164769 0.18855 0.946756
65 0.690898 0.149325 0.18074 0.162852 0.943636
73 0.290751 0.111492 0.157498 0.187381 0.937128
217 0.296431 0.58138 0.164131 0.186667 0.934674
175 0.893716 0.149422 0.198997 0.170757 0.925019
183 0.10161 0.337245 0.182984 0.193717 0.920126
183 0.693134 0.582066 0.188188 0.193362 0.914292
217 0.486903 0.112501 0.16735 0.189177 0.900947
