65 0.110625 0.151255 0.172941 0.156744 0.974492
209 0.501229 0.603333 0.176761 0.155777 0.970043
73 0.102359 0.787098 0.160673 0.182849 0.960179
209 0.302841 0.150609 0.175556 0.154231 0.95349
183 0.871855 0.115364 0.178825 0.190394 0.947948
65 0.111064 0.603547 0.173489 0.159639 0.94497
217 0.686493 0.56792 0.163745 0.180659 0.936928
73 0.674033 0.115491 0.157347 0.181044 0.935329
217 0.487597 0.116549 0.159582 0.178225 0.920285
183 0.29898 0.567283 0.174214 0.182755 0.914485
175 0.891288 0.60248 0.193531 0.163807 0.912571
175 0.118983 0.368952 0.191285 0.160127 0.873225
