210 0.10966 0.0981276 0.167765 0.175986 0.974019
67 0.31354 0.565468 0.156613 0.175068 0.972826
176 0.138711 0.323775 0.180626 0.182217 0.965419
176 0.116246 0.565011 0.181766 0.176832 0.961663
177 0.517211 0.56464 0.177004 0.180118 0.96154
177 0.709595 0.097936 0.179891 0.183667 0.96082
210 0.131991 0.7933 0.17277 0.182572 0.94677
67 0.505224 0.0990274 0.160046 0.172981 0.942035
211 0.310162 0.0980584 0.164723 0.176269 0.899778
66 0.714117 0.566012 0.160039 0.177155 0.889974
208 0.911519 0.587813 0.163483 0.139054 0.862322
64 0.905684 0.121453 0.154656 0.134183 0.844529
