213 0.076125 0.551593 0.151194 0.146686 0.97827
68 0.285217 0.519314 0.143409 0.15876 0.952019
68 0.107672 0.296732 0.144758 0.164919 0.94901
213 0.692111 0.131469 0.154 0.147894 0.947622
69 0.0710159 0.754945 0.14089 0.147433 0.942922
212 0.476141 0.517624 0.150493 0.16176 0.939295
178 0.673544 0.516337 0.161031 0.167588 0.934984
212 0.0792895 0.0957757 0.150733 0.163516 0.917992
179 0.273835 0.128812 0.16201 0.151279 0.874618
179 0.872478 0.549971 0.165366 0.158246 0.819839
69 0.480421 0.131797 0.14506 0.144965 0.728438
174 0.912686 0.117846 0.162085 0.131451 0.629082
