68 0.0827146 0.541023 0.149508 0.168614 0.974755
213 0.909678 0.577611 0.161245 0.159842 0.964497
212 0.715408 0.108475 0.157571 0.172165 0.950764
213 0.296097 0.144994 0.155902 0.154103 0.946356
69 0.0763341 0.804012 0.151384 0.156531 0.943873
178 0.711594 0.539692 0.167727 0.17748 0.933729
69 0.0774259 0.145479 0.146664 0.149894 0.933684
68 0.5166 0.105697 0.144355 0.168529 0.912544
178 0.915685 0.107826 0.168629 0.173164 0.910975
212 0.27856 0.540472 0.155932 0.17083 0.896152
179 0.0914124 0.351183 0.166992 0.15401 0.890838
179 0.483008 0.577415 0.166576 0.155652 0.886574
