180 0.876828 0.590825 0.242749 0.212901 0.975599
70 0.379126 0.590585 0.216965 0.200515 0.97401
214 0.137589 0.590852 0.226809 0.201876 0.971592
214 0.136615 0.82441 0.226354 0.202816 0.970549
214 0.138325 0.108605 0.224689 0.206916 0.96985
70 0.378955 0.823428 0.22138 0.200899 0.965884
70 0.378982 0.108006 0.215854 0.197975 0.965366
214 0.621895 0.110557 0.220908 0.205566 0.951772
70 0.387454 0.342151 0.212397 0.194706 0.945069
180 0.625733 0.590638 0.231691 0.207586 0.908481
180 0.871773 0.108315 0.241414 0.207372 0.897785
180 0.140338 0.341412 0.235112 0.20096 0.869606
