242 0.0970522 0.340922 0.177001 0.143849 0.96331
242 0.294653 0.597915 0.171631 0.138758 0.958539
86 0.30048 0.0985744 0.173779 0.143329 0.954866
242 0.486215 0.599062 0.171585 0.140058 0.953439
242 0.677206 0.0962147 0.170166 0.139877 0.950789
86 0.492183 0.0988819 0.170504 0.141911 0.948505
197 0.100873 0.602561 0.167262 0.146362 0.944162
86 0.882159 0.603386 0.175057 0.148139 0.942067
197 0.681387 0.60276 0.169401 0.148382 0.939576
86 0.102341 0.844793 0.173907 0.147882 0.937262
197 0.873827 0.0997767 0.172301 0.14919 0.935113
197 0.101614 0.0994255 0.169006 0.145685 0.931095
