250 0.110392 0.629589 0.187442 0.186328 0.976899
250 0.110105 0.360864 0.188077 0.184335 0.975491
250 0.560537 0.361791 0.191472 0.188362 0.973549
94 0.574054 0.634168 0.193181 0.200962 0.971494
250 0.110107 0.88645 0.185048 0.181113 0.970687
205 0.116124 0.10962 0.186751 0.192842 0.968855
94 0.341322 0.890738 0.191002 0.196541 0.968468
94 0.340269 0.36548 0.189417 0.198391 0.968237
205 0.566083 0.889724 0.18924 0.197119 0.967672
205 0.574459 0.111059 0.187856 0.194376 0.967329
94 0.350849 0.108554 0.187291 0.196534 0.966987
205 0.34093 0.636639 0.186805 0.196318 0.936646
