207 0.558047 0.159255 0.172172 0.183736 0.976662
93 0.344718 0.117865 0.175451 0.179154 0.955885
249 0.112112 0.36131 0.174568 0.171659 0.953424
204 0.118466 0.120403 0.181043 0.182713 0.953155
207 0.117622 0.660416 0.16935 0.175121 0.952788
249 0.113646 0.86577 0.17523 0.170809 0.946464
93 0.337422 0.868154 0.177371 0.180284 0.941656
96 0.561039 0.662764 0.176786 0.183873 0.937486
204 0.77462 0.626018 0.182687 0.186031 0.933924
252 0.334831 0.662616 0.174755 0.181859 0.915886
96 0.785008 0.157516 0.181743 0.189617 0.871634
252 0.329165 0.402156 0.178791 0.183867 0.870115
