251 0.112606 0.604306 0.18217 0.206425 0.972953
251 0.113043 0.108484 0.182053 0.205533 0.96813
206 0.117833 0.849969 0.184699 0.209786 0.965015
206 0.117586 0.354638 0.184873 0.209292 0.964247
198 0.347272 0.646502 0.209391 0.179029 0.942719
95 0.332419 0.111681 0.182064 0.208996 0.929432
243 0.785553 0.389894 0.212616 0.182668 0.914652
198 0.354472 0.391298 0.20886 0.179202 0.906229
95 0.554548 0.609411 0.176657 0.205278 0.904422
87 0.574519 0.391441 0.20111 0.17969 0.904262
87 0.352863 0.887669 0.209002 0.184359 0.896853
243 0.776633 0.645986 0.211239 0.184303 0.837655
