251 0.309906 0.600331 0.179446 0.203376 0.964977
206 0.103446 0.351983 0.177904 0.209148 0.958965
206 0.103098 0.845319 0.17634 0.204444 0.958787
243 0.32111 0.147453 0.207851 0.178318 0.946654
243 0.329051 0.883427 0.209181 0.184541 0.940181
198 0.541627 0.148961 0.206165 0.174615 0.938453
198 0.54768 0.882298 0.207036 0.178104 0.934995
95 0.102906 0.108552 0.178791 0.207598 0.92682
95 0.102179 0.603466 0.179168 0.205741 0.9157
251 0.742459 0.107292 0.177965 0.201914 0.914795
87 0.334953 0.389107 0.209458 0.184389 0.840292
87 0.768253 0.882001 0.203789 0.179506 0.812735
