119 0.898293 0.596693 0.164792 0.13806 0.962835
37 0.310857 0.331827 0.137824 0.170641 0.96218
119 0.601274 0.842703 0.161686 0.135993 0.958499
119 0.578277 0.597916 0.159058 0.134834 0.948423
160 0.124026 0.333322 0.173669 0.177483 0.942974
119 0.420814 0.842803 0.160718 0.138697 0.940657
37 0.435235 0.101972 0.137397 0.169804 0.94053
194 0.258906 0.100577 0.132112 0.164305 0.928609
160 0.505322 0.333385 0.177806 0.179871 0.925736
29 0.263585 0.601049 0.128623 0.125071 0.913411
29 0.107229 0.844885 0.128352 0.126137 0.913243
29 0.763314 0.846529 0.128679 0.12598 0.911134
29 0.108455 0.601624 0.129656 0.125548 0.910872
194 0.09365 0.0995051 0.132396 0.166455 0.892883
186 0.251879 0.839605 0.123489 0.124363 0.844725
186 0.407819 0.595103 0.125801 0.123434 0.833495
186 0.90688 0.840527 0.12664 0.128862 0.795717
186 0.729834 0.595265 0.12011 0.122551 0.712038
