60 0.317666 0.814491 0.142164 0.170265 0.977532
134 0.134393 0.816368 0.192091 0.186537 0.975919
60 0.0773817 0.0976657 0.134315 0.172063 0.974196
60 0.0774296 0.33078 0.133988 0.171849 0.969185
60 0.0777119 0.579355 0.133992 0.169183 0.968926
134 0.460848 0.100014 0.19819 0.190847 0.964932
134 0.676895 0.0989725 0.196997 0.190798 0.960378
134 0.519067 0.818624 0.197659 0.191018 0.957455
112 0.25275 0.579202 0.146107 0.172911 0.941942
112 0.252641 0.331101 0.146649 0.17466 0.870663
104 0.435555 0.603271 0.144302 0.137707 0.838186
112 0.252003 0.0982401 0.14618 0.173911 0.834095
