59 0.253457 0.314127 0.138964 0.168197 0.963228
62 0.679931 0.613593 0.15098 0.18147 0.963102
59 0.286889 0.568806 0.135906 0.169083 0.94951
111 0.0740808 0.812617 0.148162 0.174315 0.943908
111 0.0738544 0.313467 0.147709 0.174275 0.93771
62 0.283949 0.114812 0.148619 0.179956 0.937175
114 0.260217 0.854485 0.155877 0.186042 0.930993
114 0.466225 0.108621 0.151555 0.171246 0.926858
133 0.494738 0.573062 0.197412 0.191249 0.916853
133 0.462048 0.316656 0.205403 0.191247 0.91475
136 0.0998546 0.111082 0.192082 0.188372 0.913342
136 0.100119 0.609891 0.190656 0.19072 0.89464
