113 0.653035 0.594762 0.150445 0.193717 0.978242
135 0.125213 0.831783 0.201073 0.206872 0.974314
135 0.293156 0.106049 0.192648 0.206027 0.972313
113 0.0967114 0.344496 0.155264 0.192452 0.962287
105 0.851095 0.630444 0.182196 0.171284 0.945599
105 0.886266 0.147964 0.177816 0.164863 0.936458
127 0.299879 0.632851 0.202633 0.1719 0.91297
53 0.490409 0.636112 0.157906 0.156542 0.903121
53 0.488326 0.147364 0.165566 0.163383 0.8947
127 0.686224 0.145226 0.201658 0.170259 0.866346
61 0.0899629 0.105528 0.14273 0.194059 0.839577
61 0.0884761 0.594164 0.138888 0.18989 0.836727
