131 0.102076 0.577749 0.173284 0.163367 0.972144
108 0.115213 0.754432 0.138729 0.171134 0.962951
57 0.660329 0.580926 0.150456 0.155399 0.962689
130 0.102722 0.0971265 0.172343 0.175754 0.961227
131 0.492265 0.135682 0.174026 0.162638 0.959079
57 0.682219 0.13922 0.152841 0.155015 0.942413
109 0.300135 0.579325 0.150679 0.156133 0.928033
56 0.131034 0.30919 0.126934 0.17105 0.917464
108 0.290893 0.0956492 0.139367 0.17384 0.908777
56 0.507152 0.539118 0.125745 0.169112 0.746839
126 0.895052 0.569302 0.181348 0.144602 0.495675
104 0.890763 0.125876 0.13168 0.12676 0.473963
