131 0.483947 0.589938 0.181575 0.167824 0.977823
130 0.292983 0.0988551 0.180577 0.182579 0.971968
108 0.0840775 0.0970195 0.141375 0.176511 0.956643
108 0.0815606 0.548888 0.142645 0.180501 0.956407
57 0.246587 0.590312 0.156512 0.163455 0.94522
130 0.106328 0.766415 0.181456 0.185747 0.936673
56 0.135213 0.312988 0.132386 0.1745 0.930341
57 0.668545 0.138464 0.161686 0.160481 0.918119
56 0.901891 0.547994 0.130913 0.1762 0.910798
109 0.689388 0.59014 0.153039 0.15962 0.907862
109 0.474734 0.137105 0.151168 0.159331 0.841126
126 0.908751 0.12421 0.176434 0.145267 0.527287
