132 0.118842 0.71513 0.207988 0.184158 0.973895
132 0.884907 0.0946595 0.205413 0.185059 0.971412
58 0.869359 0.514107 0.164537 0.170116 0.956981
132 0.472235 0.0959501 0.199544 0.180661 0.954238
58 0.692981 0.513128 0.160699 0.170707 0.952387
110 0.100409 0.510781 0.175041 0.176011 0.952337
132 0.30971 0.511899 0.202107 0.184021 0.94913
58 0.0922515 0.0967347 0.168941 0.170619 0.940428
110 0.509697 0.514159 0.178617 0.179373 0.935197
110 0.675097 0.0978247 0.17717 0.18386 0.935179
58 0.271696 0.097428 0.162405 0.168194 0.933832
110 0.10123 0.29856 0.176281 0.172626 0.918948
