173 0.294342 0.891498 0.178157 0.183635 0.976775
137 0.483458 0.110527 0.182689 0.185991 0.963613
36 0.317148 0.351997 0.140267 0.173063 0.962203
173 0.119921 0.392094 0.182505 0.185067 0.961336
36 0.102151 0.609603 0.145568 0.176371 0.953332
193 0.0888264 0.849118 0.138624 0.170895 0.94504
39 0.273362 0.146347 0.144958 0.171005 0.936827
39 0.290354 0.647773 0.146681 0.169008 0.925303
137 0.498746 0.611532 0.183436 0.183624 0.918094
193 0.494836 0.34857 0.140002 0.17293 0.915581
196 0.0869345 0.148252 0.138771 0.178678 0.886453
196 0.476748 0.892575 0.14493 0.180896 0.839782
