31 0.106716 0.0929779 0.124728 0.154182 0.974362
172 0.118012 0.716362 0.147801 0.161148 0.9665
172 0.589194 0.0902956 0.149658 0.169345 0.962091
188 0.872674 0.924064 0.115864 0.148213 0.959443
188 0.0947293 0.509666 0.1186 0.150026 0.945369
172 0.86401 0.301367 0.150579 0.163961 0.941875
38 0.718263 0.50662 0.118354 0.157293 0.934531
195 0.0914428 0.295708 0.117113 0.162167 0.933268
188 0.266252 0.717257 0.110012 0.146719 0.927876
31 0.381322 0.30087 0.120027 0.152396 0.925175
38 0.253005 0.0891346 0.12161 0.161472 0.923773
188 0.231739 0.299696 0.112459 0.148939 0.923448
188 0.872766 0.0920192 0.121826 0.152245 0.920918
38 0.867299 0.714378 0.12125 0.159936 0.917395
38 0.528627 0.297903 0.122471 0.159083 0.907724
31 0.550213 0.718305 0.12117 0.151521 0.902325
195 0.229145 0.504493 0.116712 0.155218 0.90202
31 0.870188 0.510909 0.126927 0.154469 0.896127
121 0.418873 0.0952517 0.152306 0.158882 0.896
172 0.289293 0.921009 0.147673 0.156677 0.893709
38 0.442288 0.922878 0.118799 0.152612 0.888298
195 0.730793 0.92231 0.114956 0.152736 0.887517
172 0.39157 0.507962 0.14522 0.165489 0.886468
31 0.594648 0.92506 0.122521 0.148318 0.88645
195 0.732052 0.0859575 0.116509 0.157399 0.878623
195 0.398057 0.712918 0.115034 0.158215 0.870603
121 0.692812 0.302978 0.150427 0.157308 0.817274
121 0.713068 0.719745 0.14831 0.156017 0.776698
120 0.5707 0.53813 0.160305 0.143401 0.724874
121 0.11684 0.92398 0.15159 0.152041 0.716047
