191 0.248392 0.676476 0.161304 0.175868 0.970174
123 0.691972 0.636239 0.175076 0.194515 0.957352
123 0.489421 0.163245 0.173449 0.193452 0.95572
191 0.075176 0.430695 0.150352 0.168568 0.952855
190 0.0858848 0.158956 0.136928 0.180705 0.946981
190 0.0857158 0.631678 0.136528 0.182478 0.931117
33 0.279916 0.159758 0.138497 0.186861 0.920989
124 0.908724 0.677618 0.172878 0.171827 0.918327
33 0.483419 0.633471 0.140263 0.188515 0.892335
34 0.0884698 0.90768 0.154212 0.163811 0.890861
124 0.70623 0.205053 0.17371 0.171174 0.882346
34 0.916024 0.207339 0.157446 0.166621 0.833228
