124 0.9515625 0.353125 0.09375 0.209375
34 0.63828125 0.17578125 0.196875 0.2046875
191 0.27890625 0.04921875 0.1828125 0.0984375
123 0.24453125 0.18125 0.2265625 0.2296875
33 0.65546875 0.6390625 0.209375 0.228125
190 0.1109375 0.37890625 0.1953125 0.215625
191 0.2421875 0.48515625 0.2 0.203125
124 0.8015625 0.7609375 0.221875 0.228125
34 0.41640625 0.584375 0.209375 0.2109375
123 0.0765625 0.603125 0.153125 0.228125
190 0.8421875 0.221875 0.1796875 0.2078125
33 0.50234375 0.0859375 0.2015625 0.171875