124 0.71328125 0.06015625 0.2015625 0.1203125
34 0.340625 0.1859375 0.19375 0.203125
191 0.03359375 0.35 0.0671875 0.190625
123 0.10234375 0.4921875 0.2046875 0.228125
33 0.70625 0.4703125 0.20625 0.2265625
190 0.15703125 0.7203125 0.190625 0.2140625
191 0.32265625 0.68828125 0.1984375 0.2015625
124 0.89140625 0.4375 0.2140625 0.228125
34 0.5109375 0.61796875 0.2078125 0.2078125
123 0.2859375 0.90078125 0.215625 0.1953125
190 0.5078125 0.08203125 0.178125 0.1640625
33 0.16796875 0.21953125 0.196875 0.2078125