124 0.91875 0.18046875 0.159375 0.1734375
34 0.5125 0.1484375 0.15625 0.1703125
191 0.11484375 0.11484375 0.1421875 0.1609375
123 0.146875 0.29453125 0.18125 0.1875
33 0.6953125 0.57421875 0.159375 0.1953125
190 0.09296875 0.5265625 0.1453125 0.1859375
191 0.25390625 0.57890625 0.1609375 0.1671875
124 0.875 0.63515625 0.175 0.1890625
34 0.45234375 0.60859375 0.16875 0.171875
123 0.1109375 0.76015625 0.1703125 0.190625
190 0.7203125 0.11796875 0.1296875 0.184375
33 0.34609375 0.09375 0.1546875 0.1765625