26 0.9203125 0.56953125 0.15625 0.2078125
116 0.34375 0.2546875 0.2 0.2078125
15 0.19453125 0.17578125 0.178125 0.1953125
116 0.7859375 0.49375 0.2046875 0.215625
15 0.64140625 0.42109375 0.1859375 0.2046875
26 0.49453125 0.34375 0.1875 0.203125
97 0.7546875 0.78828125 0.190625 0.1875
97 0.60859375 0.71953125 0.1859375 0.1796875
7 0.07265625 0.4296875 0.1453125 0.171875
7 0.33359375 0.575 0.15625 0.1609375
18 0.2 0.50703125 0.159375 0.1625
18 0.46796875 0.64921875 0.175 0.175
97 0.4828125 0.9265625 0.1875 0.14375
97 0.628125 0.971875 0.18125 0.053125
18 0.07734375 0.7390625 0.1546875 0.1625
7 0.20625 0.81015625 0.1703125 0.175
7 0.3375 0.8859375 0.1640625 0.1703125
97 0.865625 0.253125 0.2 0.1890625
97 0.45234375 0.0609375 0.1859375 0.121875
18 0.959375 0.3296875 0.078125 0.16875
18 0.5875 0.109375 0.171875 0.1640625
7 0.3109375 0.02734375 0.171875 0.0546875
7 0.72890625 0.1875 0.1640625 0.165625