26 0.921875 0.55390625 0.153125 0.2078125
116 0.33515625 0.26015625 0.196875 0.2046875
15 0.18359375 0.18671875 0.175 0.19375
116 0.78515625 0.48359375 0.203125 0.2140625
15 0.63828125 0.41640625 0.1828125 0.203125
26 0.4890625 0.34453125 0.184375 0.2015625
97 0.76484375 0.7796875 0.1875 0.184375
97 0.61640625 0.715625 0.184375 0.178125
7 0.07109375 0.44453125 0.1421875 0.1703125
7 0.3359375 0.58125 0.1546875 0.159375
18 0.2 0.5171875 0.1578125 0.1609375
18 0.4734375 0.65078125 0.1734375 0.1734375
97 0.49921875 0.928125 0.1859375 0.140625
97 0.64609375 0.9703125 0.1796875 0.05625
18 0.08125 0.753125 0.159375 0.159375
7 0.2171875 0.8203125 0.16875 0.1734375
7 0.35078125 0.89140625 0.1625 0.16875
97 0.85703125 0.240625 0.196875 0.1875
97 0.4359375 0.06171875 0.184375 0.1234375
18 0.95625 0.31171875 0.084375 0.1671875
18 0.5734375 0.10625 0.1703125 0.1609375
7 0.29296875 0.03046875 0.1703125 0.0609375
7 0.71796875 0.1796875 0.1625 0.1640625