97 0.84921875 0.465625 0.159375 0.159375
18 0.70234375 0.43515625 0.1390625 0.1484375
7 0.26015625 0.3359375 0.1484375 0.1515625
7 0.40625 0.371875 0.14375 0.15625
97 0.5515625 0.409375 0.1546875 0.1515625
18 0.11015625 0.31015625 0.1421875 0.1484375
7 0.50703125 0.65703125 0.15 0.1484375
18 0.79453125 0.72578125 0.1546875 0.15
7 0.65078125 0.69609375 0.1453125 0.14375
18 0.0625 0.559375 0.125 0.128125
97 0.2 0.59453125 0.1640625 0.1546875
97 0.35390625 0.6296875 0.15625 0.14375
116 0.475 0.88203125 0.1703125 0.1828125
116 0.15546875 0.81328125 0.1640625 0.178125
26 0.8 0.934375 0.153125 0.128125
15 0.640625 0.91796875 0.15 0.1609375
26 0.03984375 0.78046875 0.0796875 0.1796875
15 0.321875 0.85546875 0.146875 0.1859375
116 0.93984375 0.2140625 0.1171875 0.18125
26 0.48359375 0.1046875 0.1484375 0.178125
116 0.80625 0.18046875 0.1578125 0.16875
15 0.33046875 0.08046875 0.1421875 0.1609375
15 0.63984375 0.14609375 0.1390625 0.1734375
26 0.1703125 0.0625 0.14375 0.125