97 0.8109375 0.33671875 0.1515625 0.153125
18 0.66328125 0.3640625 0.13125 0.1421875
7 0.21640625 0.4375 0.1421875 0.14375
7 0.36484375 0.41640625 0.1359375 0.15
97 0.5140625 0.396875 0.146875 0.14375
18 0.06796875 0.4703125 0.1359375 0.14375
7 0.565625 0.64296875 0.1421875 0.1421875
18 0.85703125 0.59921875 0.146875 0.1421875
7 0.7125 0.625 0.1390625 0.1375
18 0.10703125 0.721875 0.1390625 0.11875
97 0.25703125 0.7 0.1578125 0.146875
97 0.41328125 0.675 0.15 0.1359375
116 0.6203125 0.8640625 0.1609375 0.175
116 0.29921875 0.91640625 0.1578125 0.1640625
26 0.9390625 0.81796875 0.11875 0.1796875
15 0.78984375 0.84296875 0.140625 0.171875
26 0.1453125 0.92890625 0.14375 0.1390625
15 0.46796875 0.896875 0.1375 0.1796875
116 0.82421875 0.0734375 0.1609375 0.146875
26 0.33671875 0.13984375 0.1390625 0.171875
116 0.6640625 0.0890625 0.15 0.1609375
15 0.18125 0.16640625 0.13125 0.1703125
15 0.496875 0.11953125 0.1296875 0.16875
26 0.04375 0.19609375 0.0875 0.1671875