145 0.7765625 0.06328125 0.203125 0.1265625
51 0.05390625 0.28671875 0.1078125 0.1984375
229 0.40625 0.17421875 0.175 0.1984375
159 0.20703125 0.23828125 0.2046875 0.20625
226 0.08203125 0.4671875 0.1640625 0.178125
226 0.3078125 0.63984375 0.1609375 0.1890625
48 0.653125 0.53671875 0.15625 0.184375
145 0.49140625 0.58984375 0.196875 0.2015625
229 0.82578125 0.52421875 0.1671875 0.209375
51 0.1578125 0.73359375 0.1625 0.1921875
159 0.24765625 0.92265625 0.2046875 0.1515625
48 0.590625 0.08203125 0.165625 0.1640625