116 0.2296875 0.4109375 0.1640625 0.1796875
15 0.878125 0.28515625 0.1484375 0.1859375
116 0.55859375 0.35234375 0.1515625 0.1765625
15 0.71875 0.32109375 0.1421875 0.1734375
26 0.0734375 0.446875 0.146875 0.171875
26 0.4 0.3890625 0.1484375 0.1796875
97 0.1375 0.71015625 0.16875 0.15625
97 0.43203125 0.65234375 0.1609375 0.1609375
7 0.2890625 0.68125 0.14375 0.1515625
7 0.734375 0.60078125 0.14375 0.146875
18 0.5921875 0.63125 0.1328125 0.1453125
18 0.88515625 0.578125 0.1515625 0.1546875
97 0.3359375 0.92734375 0.159375 0.1421875
7 0.4875 0.909375 0.13125 0.1375
97 0.18671875 0.946875 0.1546875 0.103125
18 0.63203125 0.88359375 0.1453125 0.146875
7 0.78359375 0.85546875 0.1390625 0.1453125
18 0.9296875 0.83203125 0.1375 0.1546875
116 0.8265625 0.06171875 0.15625 0.1234375
116 0.34609375 0.1296875 0.15625 0.16875
26 0.665625 0.08046875 0.153125 0.1609375
15 0.1765625 0.165625 0.14375 0.178125
15 0.50078125 0.10546875 0.14375 0.1875
26 0.05078125 0.1984375 0.1015625 0.18125