116 0.234375 0.396875 0.1578125 0.1734375
15 0.8890625 0.3046875 0.1421875 0.18125
116 0.56640625 0.35546875 0.1453125 0.171875
15 0.72734375 0.3328125 0.134375 0.16875
26 0.0765625 0.42421875 0.1390625 0.1671875
26 0.40546875 0.38359375 0.140625 0.175
97 0.1265625 0.690625 0.1640625 0.15
97 0.42421875 0.6484375 0.1546875 0.1546875
7 0.28046875 0.66953125 0.1375 0.1453125
7 0.72890625 0.61328125 0.1390625 0.1421875
18 0.58515625 0.63515625 0.1265625 0.140625
18 0.88046875 0.59765625 0.1453125 0.1484375
97 0.3125 0.925 0.153125 0.146875
7 0.465625 0.9078125 0.125 0.1328125
97 0.1625 0.93984375 0.15 0.1171875
18 0.61171875 0.88984375 0.1390625 0.1421875
7 0.76484375 0.86953125 0.134375 0.140625
18 0.91796875 0.85390625 0.1421875 0.1484375
116 0.84921875 0.06953125 0.1484375 0.1390625
116 0.365625 0.121875 0.15 0.1625
26 0.68828125 0.084375 0.1453125 0.16875
15 0.19453125 0.14921875 0.1375 0.1734375
15 0.52109375 0.10546875 0.1359375 0.1828125
26 0.05703125 0.17421875 0.1140625 0.1765625