116 0.215625 0.4890625 0.1921875 0.2015625
15 0.8046875 0.1890625 0.1828125 0.203125
116 0.515625 0.3421875 0.18125 0.1953125
15 0.6609375 0.26796875 0.171875 0.1890625
26 0.08203125 0.56640625 0.1640625 0.1921875
26 0.37265625 0.42109375 0.1796875 0.196875
97 0.209375 0.8015625 0.190625 0.1828125
97 0.4765625 0.665625 0.184375 0.184375
7 0.34765625 0.73203125 0.1671875 0.1703125
7 0.753125 0.53203125 0.165625 0.16875
18 0.625 0.6 0.15625 0.1625
18 0.89140625 0.46875 0.1734375 0.1765625
97 0.4609375 0.9359375 0.18125 0.125
7 0.60078125 0.896875 0.1515625 0.1546875
97 0.328125 0.975 0.175 0.046875
18 0.7328125 0.83203125 0.1671875 0.16875
7 0.87109375 0.76328125 0.1625 0.165625
18 0.96171875 0.69921875 0.0734375 0.1765625
116 0.68515625 0.03046875 0.1859375 0.0609375
116 0.25 0.18671875 0.1828125 0.1890625
26 0.540625 0.0703125 0.184375 0.140625
15 0.096875 0.26796875 0.175 0.19375
15 0.39140625 0.1203125 0.178125 0.2015625
26 0.02578125 0.34140625 0.0515625 0.1984375