26 0.925 0.46328125 0.146875 0.1984375
26 0.7890625 0.42890625 0.1578125 0.190625
15 0.1328125 0.26875 0.1546875 0.184375
116 0.62265625 0.39296875 0.171875 0.1859375
116 0.45703125 0.3515625 0.15625 0.178125
15 0.29140625 0.3109375 0.16875 0.1875
116 0.87578125 0.70078125 0.16875 0.1765625
116 0.7125 0.66171875 0.171875 0.1890625
15 0.08046875 0.50546875 0.159375 0.190625
26 0.2375 0.54609375 0.146875 0.1796875
26 0.3921875 0.5859375 0.1609375 0.184375
15 0.5484375 0.63828125 0.1546875 0.19375
116 0.34140625 0.81953125 0.1671875 0.1875
15 0.1765625 0.784375 0.146875 0.18125
26 0.81953125 0.925 0.1578125 0.146875
15 0.49453125 0.86640625 0.1515625 0.1828125
26 0.04921875 0.74921875 0.0984375 0.1828125
116 0.51953125 0.109375 0.1703125 0.1765625
116 0.35625 0.08203125 0.16875 0.1640625
26 0.6859375 0.15234375 0.1578125 0.184375
26 0.84296875 0.1921875 0.15 0.1796875
15 0.19140625 0.0625 0.1484375 0.125
15 0.9640625 0.23671875 0.06875 0.1828125