26 0.87734375 0.275 0.165625 0.19375
26 0.72890625 0.309375 0.153125 0.1875
15 0.07265625 0.45390625 0.1453125 0.1828125
116 0.56328125 0.35 0.1671875 0.1828125
116 0.396875 0.38515625 0.1515625 0.1765625
15 0.2296875 0.421875 0.1640625 0.184375
116 0.9203125 0.515625 0.15625 0.175
116 0.76171875 0.55234375 0.1671875 0.1859375
15 0.12578125 0.6890625 0.1546875 0.1875
26 0.284375 0.65703125 0.1421875 0.178125
26 0.440625 0.62421875 0.15625 0.18125
15 0.60390625 0.603125 0.15 0.190625
116 0.49765625 0.85703125 0.1625 0.184375
15 0.33359375 0.896875 0.1421875 0.178125
26 0.95234375 0.76171875 0.0921875 0.1890625
15 0.65625 0.83203125 0.146875 0.18125
26 0.1796875 0.92109375 0.146875 0.1546875
116 0.34609375 0.140625 0.165625 0.1734375
116 0.18203125 0.17734375 0.1625 0.18125
26 0.51484375 0.10625 0.153125 0.18125
26 0.6734375 0.08125 0.146875 0.1625
15 0.0453125 0.2171875 0.090625 0.175
15 0.8359375 0.0671875 0.140625 0.134375