26 0.915625 0.57890625 0.165625 0.2140625
26 0.79765625 0.50625 0.1875 0.2046875
15 0.2046875 0.18203125 0.1828125 0.1984375
116 0.64609375 0.428125 0.196875 0.2046875
116 0.496875 0.3453125 0.18125 0.19375
15 0.346875 0.26328125 0.19375 0.2046875
116 0.8109375 0.79140625 0.1921875 0.196875
116 0.66328125 0.7109375 0.1984375 0.20625
15 0.09375 0.396875 0.1875 0.2046875
26 0.234375 0.4765625 0.175 0.1921875
26 0.37421875 0.55546875 0.1875 0.2
15 0.5109375 0.64609375 0.184375 0.2046875
116 0.2640625 0.76796875 0.19375 0.2046875
15 0.1140625 0.690625 0.175 0.1921875
26 0.69375 0.9546875 0.1875 0.0875
15 0.4 0.853125 0.178125 0.196875
26 0.03203125 0.6171875 0.0640625 0.196875
116 0.61953125 0.128125 0.1921875 0.196875
116 0.471875 0.075 0.19375 0.15
26 0.76953125 0.2125 0.184375 0.1984375
26 0.9109375 0.2921875 0.175 0.19375
15 0.3234375 0.03359375 0.175 0.0671875