115 0.85859375 0.29765625 0.15 0.171875
25 0.22265625 0.38828125 0.134375 0.1734375
14 0.065625 0.41484375 0.13125 0.1734375
17 0.38359375 0.40234375 0.134375 0.18125
118 0.6984375 0.3625 0.165625 0.19375
28 0.54609375 0.38984375 0.134375 0.1703125
25 0.41796875 0.60703125 0.1265625 0.16875
14 0.1 0.65546875 0.140625 0.171875
115 0.7359375 0.57265625 0.15 0.1765625
118 0.8984375 0.575 0.1625 0.1859375
28 0.5734375 0.62421875 0.140625 0.1765625
17 0.25859375 0.66953125 0.13125 0.1765625
115 0.61484375 0.81953125 0.15 0.1671875
25 0.778125 0.803125 0.1296875 0.1640625
14 0.128125 0.89609375 0.1375 0.1875
17 0.93359375 0.81796875 0.1296875 0.1828125
28 0.29765625 0.91015625 0.1328125 0.1671875
118 0.45 0.890625 0.1578125 0.1875
115 0.19453125 0.15390625 0.1515625 0.159375
25 0.3515625 0.1328125 0.1453125 0.1671875
14 0.05703125 0.178125 0.1140625 0.16875
28 0.509375 0.1453125 0.15 0.171875
17 0.6671875 0.12578125 0.1375 0.18125
118 0.82890625 0.10234375 0.15625 0.1828125