115 0.84765625 0.27890625 0.15625 0.1765625
25 0.2171875 0.403125 0.1421875 0.1765625
14 0.06484375 0.4390625 0.1296875 0.178125
17 0.37890625 0.40859375 0.1421875 0.1859375
118 0.690625 0.35234375 0.1734375 0.2
28 0.540625 0.38828125 0.140625 0.175
25 0.4234375 0.6109375 0.134375 0.1734375
14 0.10859375 0.6765625 0.146875 0.1765625
115 0.7390625 0.56015625 0.1578125 0.18125
118 0.90234375 0.55390625 0.1703125 0.1921875
28 0.5796875 0.6203125 0.1484375 0.18125
17 0.26796875 0.68203125 0.1390625 0.18125
115 0.63203125 0.81328125 0.15625 0.171875
25 0.79375 0.78828125 0.1375 0.16875
14 0.15 0.90859375 0.146875 0.1796875
17 0.93984375 0.79375 0.1171875 0.1875
28 0.31953125 0.91640625 0.1421875 0.1640625
118 0.4703125 0.8921875 0.165625 0.1921875
115 0.1765625 0.1703125 0.1578125 0.165625
25 0.33203125 0.14140625 0.153125 0.1734375
14 0.05078125 0.20234375 0.1015625 0.1734375
28 0.490625 0.1453125 0.15625 0.1765625
17 0.64765625 0.1171875 0.14375 0.1859375
118 0.8078125 0.090625 0.165625 0.18125