115 0.865625 0.31015625 0.14375 0.16875
25 0.2265625 0.37890625 0.1296875 0.1703125
14 0.06640625 0.40078125 0.1328125 0.1703125
17 0.3875 0.3984375 0.128125 0.178125
118 0.703125 0.36953125 0.159375 0.1890625
28 0.55 0.3921875 0.1296875 0.1671875
25 0.4140625 0.60390625 0.121875 0.165625
14 0.09453125 0.64140625 0.1359375 0.16875
115 0.7328125 0.58046875 0.1453125 0.1734375
118 0.89609375 0.5890625 0.1578125 0.18125
28 0.56875 0.62734375 0.1359375 0.1734375
17 0.253125 0.6609375 0.1265625 0.1734375
115 0.60390625 0.8234375 0.1453125 0.1625
25 0.76796875 0.8125 0.125 0.1609375
14 0.11484375 0.8828125 0.1328125 0.184375
17 0.92734375 0.83203125 0.134375 0.178125
28 0.2828125 0.903125 0.128125 0.1640625
118 0.43671875 0.88828125 0.153125 0.1828125
115 0.20625 0.14375 0.146875 0.1546875
25 0.3640625 0.128125 0.140625 0.1640625
14 0.06171875 0.1609375 0.1234375 0.165625
28 0.521875 0.14609375 0.14375 0.16875
17 0.68046875 0.13125 0.13125 0.178125
118 0.84296875 0.1140625 0.1515625 0.1796875