115 0.62578125 0.2546875 0.1265625 0.134375
25 0.5078125 0.2765625 0.10625 0.134375
14 0.3734375 0.29609375 0.1109375 0.13125
118 0.76484375 0.2625 0.1296875 0.1421875
28 0.25078125 0.33515625 0.1171875 0.1453125
17 0.128125 0.35625 0.1234375 0.1546875
115 0.40703125 0.4796875 0.1203125 0.14375
14 0.2765625 0.5015625 0.1125 0.140625
25 0.6640625 0.4484375 0.1109375 0.1390625
118 0.53671875 0.48828125 0.125 0.153125
17 0.15 0.54375 0.1234375 0.1421875
28 0.79375 0.45625 0.1125 0.1328125
115 0.56171875 0.64765625 0.1265625 0.14375
14 0.68828125 0.6359375 0.1046875 0.14375
25 0.17578125 0.709375 0.109375 0.1328125
118 0.43515625 0.69453125 0.1203125 0.146875
17 0.82109375 0.640625 0.1296875 0.1578125
28 0.30625 0.7140625 0.1125 0.1453125
115 0.36171875 0.09609375 0.1171875 0.1265625
14 0.7390625 0.05703125 0.128125 0.1140625
25 0.615625 0.06640625 0.1125 0.1328125
25 0.2078125 0.89375 0.1 0.1375
14 0.4640625 0.85859375 0.1046875 0.1390625
115 0.33359375 0.88046875 0.1203125 0.1453125
118 0.5890625 0.86640625 0.11875 0.153125
17 0.71796875 0.853125 0.1125 0.14375
28 0.84609375 0.84140625 0.109375 0.1296875
118 0.22578125 0.14453125 0.11875 0.1328125
28 0.49140625 0.11171875 0.1171875 0.140625
17 0.09375 0.1703125 0.1390625 0.1421875