115 0.5484375 0.228125 0.15 0.15625
25 0.4421875 0.28359375 0.134375 0.15
14 0.31953125 0.3421875 0.1359375 0.1484375
118 0.68359375 0.1953125 0.15625 0.1640625
28 0.21328125 0.415625 0.1453125 0.1609375
17 0.10234375 0.471875 0.1546875 0.1734375
115 0.40546875 0.5078125 0.1484375 0.1625
14 0.28671875 0.56640625 0.140625 0.1578125
25 0.64140625 0.403125 0.1390625 0.1546875
118 0.53203125 0.478125 0.15625 0.171875
17 0.178125 0.64375 0.15 0.1609375
28 0.76796875 0.37265625 0.1390625 0.15
115 0.60234375 0.62265625 0.1546875 0.1640625
14 0.71953125 0.575 0.134375 0.15625
25 0.2515625 0.7953125 0.134375 0.1484375
118 0.49453125 0.7046875 0.15 0.165625
17 0.8484375 0.540625 0.1609375 0.178125
28 0.37734375 0.76171875 0.1421875 0.1609375
115 0.25 0.15390625 0.140625 0.146875
14 0.5953125 0.0375 0.153125 0.075
25 0.4828125 0.06328125 0.140625 0.1265625
25 0.3359375 0.9421875 0.13125 0.1125
14 0.57109375 0.853125 0.134375 0.153125
115 0.45234375 0.9125 0.1484375 0.1625
118 0.6921875 0.82421875 0.15 0.1703125
17 0.8109375 0.7734375 0.1421875 0.159375
28 0.93046875 0.725 0.1359375 0.146875
118 0.134375 0.240625 0.14375 0.1515625
28 0.378125 0.13125 0.1453125 0.159375
17 0.04921875 0.3046875 0.0984375 0.16875