115 0.60390625 0.24453125 0.134375 0.1421875
25 0.48828125 0.2765625 0.115625 0.140625
14 0.35625 0.3078125 0.1203125 0.1375
118 0.74296875 0.23984375 0.1390625 0.15
28 0.23671875 0.3578125 0.1265625 0.1515625
17 0.1171875 0.38984375 0.134375 0.1625
115 0.40546875 0.48828125 0.1296875 0.15
14 0.278125 0.52109375 0.121875 0.146875
25 0.65859375 0.434375 0.1203125 0.1453125
118 0.5359375 0.48515625 0.1359375 0.1609375
17 0.15546875 0.57421875 0.1328125 0.1484375
28 0.7890625 0.43125 0.121875 0.1390625
115 0.57421875 0.64140625 0.1359375 0.15
14 0.69921875 0.61953125 0.1140625 0.1484375
25 0.1953125 0.73671875 0.1171875 0.1375
118 0.45234375 0.69921875 0.1296875 0.1546875
17 0.83203125 0.61171875 0.140625 0.165625
28 0.32578125 0.73046875 0.1234375 0.1515625
115 0.32734375 0.109375 0.125 0.134375
14 0.69921875 0.04921875 0.1359375 0.0984375
25 0.5765625 0.06328125 0.121875 0.1265625
25 0.24296875 0.91796875 0.109375 0.1421875
14 0.49609375 0.86015625 0.1140625 0.1453125
115 0.3671875 0.89375 0.1296875 0.1515625
118 0.62109375 0.85703125 0.1296875 0.159375
17 0.74765625 0.8328125 0.121875 0.15
28 0.87421875 0.809375 0.11875 0.1359375
118 0.19609375 0.1703125 0.1265625 0.140625
28 0.45703125 0.1140625 0.1265625 0.146875
17 0.07109375 0.2078125 0.1421875 0.153125