48 0.35859375 0.0890625 0.1515625 0.178125
145 0.72421875 0.17578125 0.2109375 0.2046875
226 0.2015625 0.07421875 0.140625 0.1484375
159 0.9109375 0.2578125 0.175 0.20625
51 0.51640625 0.1734375 0.1546875 0.1828125
229 0.134375 0.321875 0.175 0.1921875
145 0.2875 0.565625 0.1953125 0.203125
48 0.0953125 0.52109375 0.1484375 0.171875
51 0.45234375 0.6390625 0.1453125 0.1890625
226 0.059375 0.7484375 0.11875 0.178125
159 0.3796875 0.86171875 0.196875 0.196875
229 0.19765625 0.8203125 0.175 0.2015625