98 0.921875 0.1875 0.153125 0.159375
19 0.44140625 0.14375 0.1484375 0.1421875
8 0.1328125 0.1140625 0.1453125 0.1484375
16 0.2484375 0.325 0.1265625 0.1859375
117 0.4140625 0.34453125 0.1484375 0.178125
27 0.5734375 0.36875 0.13125 0.1953125
98 0.9015625 0.4296875 0.159375 0.1671875
8 0.0953125 0.35078125 0.1578125 0.153125
19 0.7421875 0.41953125 0.1453125 0.153125
27 0.0671875 0.54296875 0.1265625 0.190625
16 0.3828125 0.578125 0.134375 0.190625
117 0.5484375 0.59609375 0.1390625 0.1859375
8 0.23671875 0.6015625 0.14375 0.15
19 0.8859375 0.671875 0.1375 0.14375
98 0.71953125 0.65546875 0.171875 0.165625
117 0.5234375 0.83125 0.1421875 0.19375
27 0.05703125 0.7828125 0.1140625 0.190625
16 0.2 0.8 0.1296875 0.196875
98 0.69453125 0.8875 0.159375 0.15625
8 0.8578125 0.90859375 0.146875 0.1484375
19 0.371875 0.8609375 0.1484375 0.1453125
117 0.75078125 0.1359375 0.146875 0.1796875
16 0.58984375 0.11953125 0.1359375 0.18125
27 0.275 0.09296875 0.128125 0.1859375