98 0.7390625 0.0609375 0.19375 0.121875
19 0.2859375 0.20859375 0.171875 0.16875
8 0.0421875 0.3234375 0.084375 0.175
16 0.19609375 0.45859375 0.1640625 0.2015625
117 0.353125 0.40078125 0.1828125 0.2015625
27 0.50625 0.35 0.171875 0.2125
98 0.82578125 0.25546875 0.1890625 0.19375
8 0.0828125 0.55078125 0.165625 0.1828125
19 0.6796875 0.31796875 0.1734375 0.178125
27 0.134375 0.73515625 0.165625 0.20625
16 0.43046875 0.62265625 0.1734375 0.209375
117 0.5875 0.56328125 0.175 0.20625
8 0.31171875 0.71015625 0.1703125 0.175
19 0.91875 0.47890625 0.159375 0.1703125
98 0.76640625 0.5390625 0.2 0.196875
117 0.67109375 0.78515625 0.1796875 0.2140625
27 0.225 0.9265625 0.171875 0.14375
16 0.36875 0.89765625 0.171875 0.2015625
98 0.8484375 0.75703125 0.1875 0.184375
8 0.9578125 0.7015625 0.08125 0.175
19 0.55 0.88046875 0.175 0.171875
117 0.55859375 0.08203125 0.1828125 0.1640625
16 0.40703125 0.1203125 0.171875 0.2015625
27 0.11328125 0.23828125 0.1640625 0.2015625