98 0.9421875 0.275 0.1125 0.18125
19 0.5109375 0.1390625 0.1671875 0.1625
8 0.21328125 0.06796875 0.1671875 0.1359375
16 0.2859375 0.28046875 0.1546875 0.1984375
117 0.4453125 0.33125 0.175 0.196875
27 0.596875 0.38515625 0.1609375 0.209375
98 0.9078125 0.5078125 0.18125 0.1875
8 0.13125 0.2765625 0.178125 0.175
19 0.753125 0.4671875 0.1671875 0.171875
27 0.0734375 0.46015625 0.146875 0.2046875
16 0.36953125 0.55390625 0.1640625 0.2046875
117 0.5296875 0.60390625 0.1671875 0.203125
8 0.221875 0.55 0.1640625 0.16875
19 0.84609375 0.7421875 0.1578125 0.1625
98 0.68515625 0.69453125 0.19375 0.1890625
117 0.459375 0.8296875 0.1703125 0.209375
27 0.04140625 0.69140625 0.0828125 0.2046875
16 0.1484375 0.7375 0.1609375 0.2109375
98 0.61640625 0.91328125 0.1828125 0.1703125
8 0.7734375 0.94140625 0.16875 0.1140625
19 0.30546875 0.83046875 0.16875 0.165625
117 0.815625 0.190625 0.1734375 0.196875
16 0.66015625 0.14375 0.1640625 0.196875
27 0.35625 0.078125 0.15625 0.15625