98 0.8890625 0.13359375 0.1640625 0.1484375
8 0.24921875 0.1609375 0.140625 0.1375
19 0.41015625 0.1578125 0.1453125 0.1375
117 0.56484375 0.35 0.134375 0.1671875
16 0.24140625 0.3671875 0.128125 0.18125
27 0.89375 0.34453125 0.1375 0.1859375
98 0.0828125 0.403125 0.1640625 0.1640625
8 0.4109375 0.40390625 0.1515625 0.1328125
19 0.7484375 0.3921875 0.1421875 0.125
117 0.578125 0.5921875 0.13125 0.171875
16 0.73984375 0.58671875 0.13125 0.1921875
27 0.2515625 0.6109375 0.1265625 0.1859375
98 0.096875 0.64921875 0.15625 0.1375
8 0.91953125 0.625 0.140625 0.1421875
19 0.4171875 0.64375 0.15625 0.1421875
16 0.71015625 0.10390625 0.128125 0.175
117 0.06796875 0.1296875 0.1359375 0.18125
27 0.5546875 0.11640625 0.1203125 0.175