98 0.83515625 0.084375 0.1828125 0.16875
8 0.20390625 0.19921875 0.1578125 0.1546875
19 0.36328125 0.1734375 0.1625 0.1546875
117 0.54375 0.3421875 0.1546875 0.1828125
16 0.22578125 0.4046875 0.1515625 0.1953125
27 0.86875 0.29140625 0.159375 0.2015625
98 0.08359375 0.46171875 0.1671875 0.1859375
8 0.3984375 0.4171875 0.1671875 0.1515625
19 0.73125 0.35859375 0.1578125 0.1421875
117 0.590625 0.5796875 0.1515625 0.1875
16 0.75 0.553125 0.1546875 0.20625
27 0.26953125 0.64453125 0.15 0.2
98 0.121875 0.70390625 0.171875 0.15625
8 0.92578125 0.56640625 0.1453125 0.1609375
19 0.43828125 0.65390625 0.1734375 0.1609375
16 0.65390625 0.0875 0.1515625 0.175
117 0.05 0.19375 0.1 0.196875
27 0.50078125 0.1125 0.1421875 0.1890625