98 0.7890625 0.07109375 0.19375 0.1421875
8 0.17421875 0.23203125 0.16875 0.165625
19 0.3296875 0.18984375 0.171875 0.165625
117 0.5265625 0.3390625 0.16875 0.1921875
16 0.2171875 0.434375 0.1671875 0.2046875
27 0.84453125 0.25390625 0.175 0.2109375
98 0.0859375 0.50703125 0.171875 0.1984375
8 0.38984375 0.428125 0.1765625 0.1640625
19 0.71484375 0.33515625 0.165625 0.153125
117 0.5984375 0.5703125 0.1671875 0.1953125
16 0.75390625 0.5265625 0.171875 0.215625
27 0.2859375 0.66796875 0.165625 0.2078125
98 0.1453125 0.7421875 0.1828125 0.16875
8 0.92578125 0.5203125 0.1453125 0.171875
19 0.4546875 0.659375 0.1828125 0.1734375
16 0.609375 0.0828125 0.165625 0.165625
117 0.0390625 0.2453125 0.078125 0.20625
27 0.46015625 0.11484375 0.15625 0.196875