99 0.9 0.4015625 0.146875 0.18125
21 0.58125 0.36171875 0.1328125 0.178125
9 0.73515625 0.38359375 0.128125 0.178125
100 0.26328125 0.31953125 0.16875 0.1765625
10 0.42265625 0.34140625 0.1265625 0.1765625
20 0.1015625 0.29765625 0.140625 0.1796875
99 0.70703125 0.6140625 0.1546875 0.184375
100 0.2296875 0.546875 0.15625 0.1796875
21 0.06953125 0.53203125 0.1390625 0.1796875
20 0.55234375 0.6015625 0.140625 0.171875
10 0.86484375 0.64765625 0.1375 0.178125
9 0.3875 0.58203125 0.1375 0.1875
20 0.0546875 0.75859375 0.109375 0.1921875
99 0.83046875 0.8703125 0.15 0.171875
21 0.190625 0.7859375 0.1421875 0.171875
9 0.5078125 0.83359375 0.128125 0.190625
100 0.6640625 0.85546875 0.1515625 0.171875
10 0.35078125 0.81484375 0.13125 0.1796875
99 0.45546875 0.0984375 0.153125 0.16875
9 0.2921875 0.08125 0.13125 0.1625
20 0.13828125 0.07265625 0.1421875 0.1453125
21 0.77890625 0.146875 0.1375 0.1671875
100 0.61796875 0.12421875 0.1453125 0.1671875
10 0.93203125 0.1703125 0.1296875 0.175