99 0.9109375 0.49453125 0.175 0.2015625
21 0.61015625 0.38359375 0.1625 0.1921875
9 0.7546875 0.43984375 0.159375 0.1921875
100 0.31015625 0.2703125 0.1953125 0.2
10 0.46015625 0.328125 0.15625 0.190625
20 0.1578125 0.2125 0.1703125 0.1953125
99 0.67578125 0.6578125 0.1828125 0.203125
100 0.22578125 0.48515625 0.184375 0.2
21 0.07890625 0.434375 0.1578125 0.196875
20 0.528125 0.61015625 0.1671875 0.1890625
10 0.82265625 0.72578125 0.1671875 0.1953125
9 0.371875 0.5546875 0.16875 0.203125
20 0.03984375 0.6484375 0.0796875 0.20625
99 0.7390625 0.91875 0.178125 0.159375
21 0.134375 0.709375 0.16875 0.190625
9 0.4328125 0.8265625 0.1609375 0.203125
100 0.5796875 0.8828125 0.178125 0.1921875
10 0.28359375 0.7734375 0.1609375 0.19375
99 0.546875 0.0984375 0.1796875 0.1890625
9 0.39296875 0.06640625 0.1578125 0.1328125
20 0.246875 0.0421875 0.171875 0.084375
21 0.8515625 0.21875 0.1640625 0.184375
100 0.7 0.1609375 0.171875 0.1859375
10 0.95703125 0.27578125 0.0828125 0.1921875