99 0.8796875 0.33984375 0.128125 0.1671875
21 0.55859375 0.35078125 0.1140625 0.165625
9 0.7140625 0.3484375 0.109375 0.165625
100 0.23828125 0.35859375 0.1515625 0.159375
10 0.39921875 0.35546875 0.1078125 0.165625
20 0.075 0.36171875 0.121875 0.165625
99 0.72265625 0.58046875 0.134375 0.16875
100 0.240625 0.5890625 0.1375 0.165625
21 0.07890625 0.5984375 0.1203125 0.165625
20 0.5671875 0.5921875 0.121875 0.159375
10 0.88359375 0.58828125 0.11875 0.165625
9 0.4015625 0.5984375 0.1171875 0.175
20 0.0875 0.8265625 0.1125 0.178125
99 0.884375 0.81328125 0.1328125 0.15625
21 0.2390625 0.83125 0.1234375 0.159375
9 0.559375 0.828125 0.1078125 0.1796875
100 0.7171875 0.825 0.1328125 0.1578125
10 0.4015625 0.834375 0.1125 0.1671875
99 0.39296875 0.11015625 0.1359375 0.153125
9 0.22734375 0.1140625 0.1109375 0.15625
20 0.07265625 0.11796875 0.121875 0.1640625
21 0.7203125 0.1078125 0.1203125 0.1546875
100 0.5578125 0.1109375 0.128125 0.153125
10 0.875 0.10703125 0.1109375 0.1640625