99 0.87421875 0.2953125 0.1546875 0.1828125
10 0.39921875 0.3640625 0.1234375 0.1703125
100 0.23046875 0.3890625 0.1515625 0.1796875
9 0.0671875 0.41171875 0.13125 0.1734375
21 0.55234375 0.34609375 0.13125 0.1734375
20 0.71484375 0.3234375 0.1328125 0.171875
100 0.425 0.59765625 0.1421875 0.178125
10 0.1015625 0.64609375 0.1375 0.1875
99 0.590625 0.58046875 0.1578125 0.184375
20 0.265625 0.62890625 0.1265625 0.1796875
9 0.9171875 0.53828125 0.1265625 0.1734375
21 0.75546875 0.56640625 0.140625 0.1875
21 0.46796875 0.84609375 0.1328125 0.1828125
9 0.14453125 0.89140625 0.1453125 0.18125
99 0.62578125 0.825 0.153125 0.16875
20 0.93671875 0.78046875 0.1234375 0.1890625
100 0.303125 0.87109375 0.153125 0.18125
10 0.7875 0.80859375 0.1359375 0.1859375
100 0.525 0.10625 0.1640625 0.171875
99 0.2 0.15234375 0.1546875 0.1671875
9 0.68359375 0.08515625 0.1453125 0.1703125
21 0.36640625 0.13046875 0.1265625 0.1765625
20 0.846875 0.0765625 0.1375 0.153125
10 0.0546875 0.17734375 0.109375 0.1734375