99 0.859375 0.26953125 0.165625 0.190625
10 0.38984375 0.371875 0.1328125 0.175
100 0.2234375 0.4078125 0.1609375 0.1859375
9 0.06640625 0.4421875 0.1328125 0.18125
21 0.54140625 0.34296875 0.140625 0.1796875
20 0.70234375 0.30859375 0.1421875 0.178125
100 0.43203125 0.60234375 0.1515625 0.184375
10 0.1125 0.6734375 0.1484375 0.1921875
99 0.59609375 0.5734375 0.1671875 0.1921875
20 0.275 0.6453125 0.1375 0.1859375
9 0.91875 0.509375 0.1359375 0.178125
21 0.759375 0.5484375 0.15 0.19375
21 0.4921875 0.84765625 0.1421875 0.1875
9 0.1734375 0.91015625 0.15625 0.1765625
99 0.6484375 0.81484375 0.1625 0.1765625
20 0.94296875 0.74921875 0.1109375 0.1953125
100 0.32890625 0.88359375 0.1625 0.1890625
10 0.80859375 0.7875 0.1453125 0.1921875
100 0.49765625 0.10546875 0.171875 0.1796875
99 0.1765625 0.17421875 0.1640625 0.175
9 0.6546875 0.08125 0.153125 0.1625
21 0.340625 0.140625 0.1359375 0.1828125
20 0.815625 0.06640625 0.146875 0.1328125
10 0.04609375 0.21015625 0.0921875 0.1796875