99 0.915625 0.509375 0.165625 0.20625
10 0.48046875 0.33203125 0.1546875 0.184375
100 0.321875 0.26875 0.18125 0.2
9 0.16953125 0.20703125 0.1625 0.1890625
21 0.62265625 0.39296875 0.1625 0.1890625
20 0.775 0.45390625 0.1640625 0.1890625
100 0.38671875 0.546875 0.171875 0.1953125
10 0.084375 0.42734375 0.16875 0.2046875
99 0.53828125 0.61484375 0.1875 0.20625
20 0.2328125 0.49453125 0.159375 0.19375
9 0.8421875 0.7421875 0.1578125 0.1875
21 0.68828125 0.68515625 0.1734375 0.2046875
21 0.29921875 0.78359375 0.165625 0.1984375
9 0.04296875 0.66171875 0.0859375 0.2015625
99 0.446875 0.84453125 0.18125 0.190625
20 0.74609375 0.93046875 0.1734375 0.1359375
100 0.14375 0.72265625 0.1828125 0.2015625
10 0.59609375 0.90390625 0.1703125 0.1890625
100 0.71875 0.17109375 0.190625 0.196875
99 0.41484375 0.07265625 0.1828125 0.1453125
9 0.8671875 0.23203125 0.171875 0.1890625
21 0.56875 0.11328125 0.1578125 0.190625
20 0.9671875 0.2953125 0.0625 0.196875
10 0.26328125 0.04296875 0.1671875 0.0859375