145 0.23359375 0.19375 0.1984375 0.1953125
159 0.0796875 0.29609375 0.159375 0.2140625
229 0.40390625 0.17265625 0.165625 0.1859375
51 0.10390625 0.521875 0.159375 0.1765625
226 0.3234375 0.646875 0.159375 0.1828125
145 0.49921875 0.584375 0.209375 0.21875
48 0.6671875 0.5265625 0.1546875 0.1921875
159 0.8578125 0.49140625 0.2109375 0.221875
229 0.18828125 0.74296875 0.1671875 0.190625
229 0.26796875 0.92890625 0.1671875 0.1390625
226 0.54140625 0.08359375 0.1609375 0.1671875
48 0.690625 0.05546875 0.165625 0.1109375