145 0.2390625 0.1890625 0.1953125 0.19375
159 0.08125 0.2890625 0.1625 0.2125
229 0.41015625 0.17109375 0.1625 0.184375
51 0.10390625 0.51484375 0.1578125 0.1765625
226 0.3203125 0.64375 0.1578125 0.18125
145 0.49765625 0.584375 0.20625 0.2171875
48 0.66640625 0.5296875 0.1515625 0.1921875
159 0.8578125 0.49765625 0.209375 0.2203125
229 0.184375 0.7375 0.1640625 0.1890625
229 0.2609375 0.9265625 0.165625 0.14375
226 0.5484375 0.08359375 0.159375 0.1671875
48 0.69921875 0.05703125 0.1640625 0.1140625