102 0.9234375 0.18828125 0.15 0.1765625
12 0.53203125 0.14375 0.1671875 0.178125
23 0.13046875 0.10546875 0.159375 0.171875
22 0.13046875 0.2859375 0.1359375 0.190625
101 0.48671875 0.58671875 0.171875 0.2015625
101 0.296875 0.5640625 0.165625 0.1984375
23 0.07890625 0.58046875 0.1578125 0.1828125
12 0.66015625 0.65234375 0.16875 0.1890625
102 0.88046875 0.68359375 0.1859375 0.178125
22 0.078125 0.78203125 0.15625 0.2171875
11 0.76796875 0.12890625 0.1328125 0.1859375
101 0.36640625 0.0875 0.1578125 0.175