102 0.81328125 0.07890625 0.1921875 0.1578125
12 0.4140625 0.15234375 0.178125 0.1890625
23 0.05390625 0.246875 0.1078125 0.184375
22 0.08046875 0.41796875 0.15 0.1984375
101 0.515625 0.5859375 0.184375 0.2109375
101 0.32890625 0.6265625 0.178125 0.2078125
23 0.12265625 0.71484375 0.18125 0.1921875
12 0.70078125 0.5921875 0.18125 0.1984375
102 0.909375 0.55078125 0.178125 0.1921875
22 0.1859375 0.89609375 0.184375 0.2046875
11 0.63359375 0.0796875 0.1484375 0.159375
101 0.2375 0.146875 0.16875 0.196875