102 0.44296875 0.1015625 0.2109375 0.203125
23 0.7890625 0.25625 0.1921875 0.1953125
12 0.17578125 0.2109375 0.209375 0.2203125
101 0.61953125 0.640625 0.2125 0.228125
11 0.1046875 0.4109375 0.1828125 0.2046875
22 0.45 0.5734375 0.1859375 0.2078125
102 0.76484375 0.76484375 0.2109375 0.2171875
23 0.22421875 0.52890625 0.2 0.196875
12 0.03515625 0.65234375 0.0703125 0.1921875
22 0.66171875 0.146875 0.1890625 0.2109375
101 0.9515625 0.30859375 0.09375 0.2140625
101 0.29921875 0.04453125 0.1890625 0.0890625