102 0.36015625 0.1140625 0.1859375 0.2
23 0.73203125 0.2015625 0.171875 0.178125
12 0.1234375 0.284375 0.1859375 0.2015625
101 0.64609375 0.6125 0.1859375 0.2109375
11 0.09453125 0.4953125 0.159375 0.190625
22 0.46640625 0.58203125 0.1609375 0.19375
102 0.8140625 0.70390625 0.1890625 0.196875
23 0.23671875 0.5859375 0.1828125 0.1765625
12 0.0515625 0.759375 0.103125 0.171875
22 0.58515625 0.12109375 0.1640625 0.1984375
101 0.9328125 0.20703125 0.13125 0.1984375
101 0.19609375 0.0671875 0.1640625 0.134375