102 0.2046875 0.21484375 0.1859375 0.2
23 0.57734375 0.13046875 0.171875 0.178125
12 0.08046875 0.471875 0.1609375 0.203125
101 0.68125 0.53671875 0.1859375 0.2109375
11 0.13359375 0.6734375 0.159375 0.190625
22 0.50625 0.58828125 0.1609375 0.19375
102 0.87109375 0.54609375 0.1890625 0.196875
23 0.30078125 0.69296875 0.1828125 0.1765625
12 0.178125 0.9296875 0.178125 0.1375
22 0.41015625 0.121875 0.1640625 0.1984375
101 0.77734375 0.06953125 0.1703125 0.1390625
101 0.053125 0.21953125 0.10625 0.1921875