22 0.32578125 0.11484375 0.1296875 0.18125
101 0.1265625 0.1046875 0.153125 0.16875
11 0.92578125 0.14921875 0.1328125 0.1921875
102 0.69765625 0.178125 0.1765625 0.1671875
23 0.48046875 0.16953125 0.153125 0.1609375
12 0.0890625 0.38046875 0.159375 0.165625
101 0.1046875 0.58046875 0.15 0.1953125
22 0.51875 0.609375 0.1390625 0.19375
11 0.69375 0.61953125 0.1296875 0.184375
23 0.85390625 0.66171875 0.1640625 0.190625
102 0.28046875 0.64375 0.1796875 0.1703125
12 0.0734375 0.86640625 0.146875 0.1703125