102 0.93125 0.36015625 0.134375 0.2328125
12 0.615625 0.16953125 0.2046875 0.2078125
23 0.18046875 0.2125 0.215625 0.215625
22 0.290625 0.49765625 0.178125 0.2015625
101 0.44921875 0.58359375 0.1984375 0.2171875
12 0.7546875 0.79453125 0.2 0.2046875
102 0.08828125 0.43359375 0.1765625 0.2078125
23 0.578125 0.70546875 0.196875 0.2015625
11 0.03984375 0.60546875 0.0796875 0.2109375
101 0.33125 0.0390625 0.203125 0.078125
22 0.83203125 0.24296875 0.184375 0.2015625
11 0.49140625 0.08671875 0.1921875 0.1734375