159 0.59609375 0.140625 0.1703125 0.1703125
51 0.25546875 0.16640625 0.1171875 0.171875
229 0.76796875 0.13359375 0.121875 0.153125
145 0.1234375 0.36171875 0.175 0.159375
226 0.3109375 0.5734375 0.1234375 0.15625
145 0.13984375 0.596875 0.1671875 0.1625
159 0.49296875 0.59609375 0.1625 0.171875
229 0.6625 0.59296875 0.125 0.1625
51 0.81796875 0.58359375 0.121875 0.1671875
48 0.13671875 0.81015625 0.128125 0.1671875
48 0.084375 0.13515625 0.1328125 0.153125
226 0.41640625 0.11484375 0.1234375 0.1578125