159 0.57109375 0.13515625 0.18125 0.1796875
51 0.2328125 0.184375 0.128125 0.178125
229 0.7421875 0.115625 0.13125 0.159375
145 0.11484375 0.38828125 0.184375 0.16875
226 0.31640625 0.58671875 0.1328125 0.1640625
145 0.146875 0.621875 0.1765625 0.171875
159 0.49921875 0.59609375 0.171875 0.18125
229 0.66875 0.58125 0.1359375 0.1703125
51 0.8234375 0.5609375 0.1328125 0.1734375
48 0.15859375 0.83515625 0.1390625 0.175
48 0.06640625 0.165625 0.1328125 0.1625
226 0.38984375 0.121875 0.1328125 0.1640625