103 0.21640625 0.07109375 0.2265625 0.1421875
24 0.16015625 0.24375 0.2296875 0.225
103 0.1078125 0.45234375 0.2125 0.215625
24 0.29765625 0.50859375 0.203125 0.2078125
103 0.665625 0.60625 0.2265625 0.2265625
13 0.85703125 0.65625 0.203125 0.2140625
13 0.4796875 0.56484375 0.2109375 0.2359375
24 0.07890625 0.67578125 0.1578125 0.2203125
103 0.92578125 0.2171875 0.1453125 0.21875
24 0.40625 0.0921875 0.209375 0.184375
13 0.5890625 0.12578125 0.203125 0.2015625
13 0.78125 0.17734375 0.2109375 0.221875