103 0.27421875 0.06015625 0.2390625 0.1203125
24 0.19453125 0.2046875 0.24375 0.2390625
103 0.11640625 0.4046875 0.228125 0.2296875
24 0.29765625 0.48359375 0.2171875 0.2203125
103 0.6515625 0.62578125 0.2421875 0.2421875
13 0.8359375 0.6984375 0.2171875 0.2265625
13 0.471875 0.56171875 0.228125 0.246875
24 0.0734375 0.61953125 0.146875 0.2328125
103 0.9375 0.27421875 0.121875 0.2328125
24 0.45859375 0.0921875 0.2234375 0.184375
13 0.634375 0.13984375 0.215625 0.2140625
13 0.81796875 0.2140625 0.2265625 0.234375