103 0.06015625 0.29453125 0.1203125 0.2234375
24 0.09921875 0.4921875 0.1984375 0.24375
103 0.1546875 0.6921875 0.2296875 0.23125
24 0.340625 0.62578125 0.21875 0.221875
103 0.696875 0.4890625 0.24375 0.24375
13 0.88046875 0.41640625 0.21875 0.2265625
13 0.521875 0.56484375 0.23125 0.2484375
24 0.2421875 0.8921875 0.221875 0.2125
103 0.70546875 0.05859375 0.2328125 0.1171875
24 0.178125 0.215625 0.2234375 0.221875
13 0.35234375 0.1453125 0.2171875 0.2171875
13 0.53828125 0.09609375 0.2296875 0.1921875