13 0.25390625 0.15078125 0.2296875 0.2296875
24 0.475 0.53046875 0.2171875 0.2265625
24 0.3046875 0.43984375 0.2359375 0.2453125
13 0.13984375 0.3484375 0.228125 0.234375
103 0.80078125 0.7203125 0.2375 0.2359375
13 0.63046875 0.6296875 0.2421875 0.2421875
103 0.078125 0.53515625 0.15625 0.2265625
103 0.35625 0.03828125 0.234375 0.0765625
24 0.96015625 0.3375 0.0765625 0.225
24 0.86484375 0.24609375 0.2203125 0.2234375
103 0.6921875 0.15390625 0.234375 0.228125
13 0.52265625 0.090625 0.2265625 0.18125