13 0.14140625 0.26875 0.1875 0.1875
24 0.48828125 0.53828125 0.1703125 0.1921875
24 0.29609375 0.5171875 0.1875 0.2078125
13 0.109375 0.49453125 0.1828125 0.196875
103 0.8609375 0.59140625 0.1953125 0.19375
13 0.66953125 0.57109375 0.1984375 0.1984375
103 0.0921875 0.7046875 0.184375 0.18125
103 0.165625 0.0734375 0.196875 0.146875
24 0.9203125 0.15078125 0.15625 0.1859375
24 0.74296875 0.12734375 0.1765625 0.1875
103 0.5484375 0.10703125 0.1953125 0.1828125
13 0.35859375 0.0921875 0.1828125 0.184375