216 0.06484375 0.36953125 0.1296875 0.1609375
216 0.8796875 0.25625 0.171875 0.1546875
182 0.38515625 0.3265625 0.1734375 0.15625
72 0.715625 0.28046875 0.1484375 0.153125
216 0.2125 0.35234375 0.1515625 0.1609375
72 0.56015625 0.30625 0.1484375 0.165625
174 0.22265625 0.56953125 0.1609375 0.1375
64 0.0734375 0.59296875 0.1359375 0.13125
208 0.37578125 0.5515625 0.1578125 0.1359375
174 0.534375 0.52890625 0.15625 0.134375
64 0.678125 0.509375 0.1328125 0.125
208 0.8234375 0.49296875 0.1390625 0.1359375
174 0.115625 0.796875 0.153125 0.1203125
64 0.85546875 0.696875 0.1375 0.115625
174 0.26875 0.78125 0.153125 0.1265625
208 0.42109375 0.759375 0.1453125 0.121875
64 0.5625 0.74140625 0.1453125 0.1203125
208 0.71171875 0.725 0.1421875 0.1265625
182 0.51640625 0.09296875 0.1515625 0.14375
72 0.340625 0.11875 0.15625 0.153125
182 0.68671875 0.075 0.1671875 0.15
216 0.8546875 0.06328125 0.153125 0.1265625
216 0.05078125 0.165625 0.1015625 0.159375
72 0.18671875 0.14375 0.14375 0.1515625