216 0.22109375 0.12578125 0.1859375 0.1890625
216 0.92421875 0.534375 0.1484375 0.19375
182 0.5125 0.2921875 0.2015625 0.19375
72 0.80390625 0.45390625 0.18125 0.1828125
216 0.359375 0.209375 0.1859375 0.190625
72 0.66484375 0.38125 0.1859375 0.1921875
174 0.23671875 0.3890625 0.184375 0.175
64 0.103125 0.31796875 0.1625 0.159375
208 0.36953125 0.46640625 0.18125 0.171875
174 0.509375 0.54375 0.1796875 0.1703125
64 0.63671875 0.61484375 0.15625 0.153125
208 0.7625 0.6890625 0.165625 0.165625
174 0.05078125 0.50625 0.1015625 0.159375
64 0.66484375 0.87109375 0.15625 0.146875
174 0.14609375 0.58515625 0.175 0.1625
208 0.28125 0.66015625 0.165625 0.1546875
64 0.4046875 0.73046875 0.165625 0.153125
208 0.53359375 0.80703125 0.165625 0.1578125
182 0.7578125 0.184375 0.1796875 0.1765625
72 0.60234375 0.09921875 0.1875 0.1859375
182 0.903125 0.26875 0.190625 0.19375
216 0.31875 0.0203125 0.19375 0.040625
72 0.4640625 0.059375 0.178125 0.11875