216 0.06171875 0.4484375 0.1234375 0.178125
216 0.83203125 0.19453125 0.1875 0.175
182 0.35625 0.34921875 0.190625 0.1765625
72 0.67421875 0.24609375 0.1671875 0.1703125
216 0.19140625 0.4046875 0.1703125 0.178125
72 0.52578125 0.2984375 0.16875 0.18125
174 0.2390625 0.6171875 0.175 0.1578125
64 0.09609375 0.665625 0.1515625 0.146875
208 0.3859375 0.57265625 0.171875 0.1546875
174 0.53828125 0.52265625 0.1703125 0.1546875
64 0.67734375 0.47890625 0.146875 0.140625
208 0.8171875 0.4375 0.1546875 0.153125
174 0.1734375 0.859375 0.1640625 0.140625
64 0.88359375 0.63203125 0.1484375 0.1328125
174 0.32109375 0.8171875 0.165625 0.1453125
208 0.4671875 0.76953125 0.1578125 0.140625
64 0.603125 0.7265625 0.1578125 0.1390625
208 0.74765625 0.68515625 0.15625 0.14375
182 0.4453125 0.09609375 0.16875 0.1609375
72 0.2765625 0.1515625 0.1734375 0.171875
182 0.609375 0.0671875 0.184375 0.134375
216 0.77109375 0.03984375 0.1703125 0.0796875
216 0.03046875 0.2546875 0.0609375 0.178125
72 0.1296875 0.20390625 0.1609375 0.16875