174 0.2375 0.3046875 0.146875 0.1125
208 0.08125 0.30625 0.140625 0.11875
64 0.82265625 0.31875 0.1171875 0.1046875
64 0.678125 0.31875 0.1296875 0.1046875
208 0.38671875 0.3140625 0.1359375 0.1109375
174 0.54140625 0.3171875 0.1375 0.1078125
208 0.0859375 0.5015625 0.1296875 0.11875
64 0.36796875 0.5125 0.128125 0.1125
64 0.221875 0.5125 0.13125 0.1078125
208 0.66328125 0.52421875 0.1328125 0.1109375
174 0.821875 0.52734375 0.14375 0.1046875
174 0.51640625 0.528125 0.140625 0.1171875
208 0.078125 0.71640625 0.1359375 0.1109375
174 0.8140625 0.7296875 0.1421875 0.0984375
208 0.2265625 0.72265625 0.1328125 0.10625
64 0.50625 0.728125 0.11875 0.10625
174 0.65859375 0.7328125 0.1390625 0.1015625
64 0.37265625 0.72890625 0.121875 0.103125
182 0.0953125 0.08359375 0.1484375 0.1328125
216 0.74921875 0.09921875 0.134375 0.140625
182 0.9171875 0.10234375 0.153125 0.1421875
72 0.4203125 0.09453125 0.1328125 0.134375
216 0.5828125 0.0984375 0.1359375 0.1359375
72 0.25546875 0.09296875 0.1359375 0.128125