174 0.271875 0.26640625 0.1609375 0.1328125
208 0.1171875 0.24296875 0.15625 0.1375
64 0.846875 0.371875 0.13125 0.1203125
64 0.7046875 0.3484375 0.14375 0.1234375
208 0.4171875 0.29921875 0.15 0.13125
174 0.56953125 0.32578125 0.1515625 0.128125
208 0.090625 0.43671875 0.146875 0.1375
64 0.3671875 0.49140625 0.14375 0.1296875
64 0.2234375 0.46875 0.146875 0.1265625
208 0.6578125 0.54921875 0.1484375 0.13125
174 0.8140625 0.57734375 0.1578125 0.125
174 0.51171875 0.53046875 0.15625 0.1375
208 0.0625 0.64765625 0.125 0.1328125
174 0.77421875 0.77578125 0.1546875 0.11875
208 0.1953125 0.67734375 0.146875 0.125
64 0.4703125 0.7265625 0.1328125 0.1234375
174 0.6203125 0.7546875 0.153125 0.1203125
64 0.33828125 0.70625 0.1359375 0.1203125
182 0.16640625 0.0515625 0.1671875 0.103125
216 0.80859375 0.14375 0.153125 0.159375
182 0.94296875 0.17265625 0.1109375 0.1640625
72 0.484375 0.0875 0.1515625 0.153125
216 0.64453125 0.11640625 0.1546875 0.1546875
72 0.32265625 0.06796875 0.1546875 0.1359375