174 0.24453125 0.29609375 0.15 0.1171875
208 0.08828125 0.29140625 0.1453125 0.1234375
64 0.82890625 0.33046875 0.1203125 0.1078125
64 0.684375 0.325 0.1328125 0.109375
208 0.39375 0.3109375 0.1390625 0.115625
174 0.54765625 0.31875 0.140625 0.1125
208 0.0859375 0.48671875 0.134375 0.1234375
64 0.3671875 0.5078125 0.1328125 0.1171875
64 0.22109375 0.50234375 0.134375 0.1125
208 0.6625 0.5296875 0.1375 0.115625
174 0.82109375 0.5390625 0.146875 0.109375
174 0.515625 0.52890625 0.1453125 0.121875
208 0.07109375 0.7015625 0.1390625 0.115625
174 0.80546875 0.740625 0.1453125 0.103125
208 0.21875 0.71328125 0.1359375 0.1109375
64 0.4984375 0.728125 0.121875 0.109375
174 0.65 0.7375 0.1421875 0.10625
64 0.36484375 0.72421875 0.125 0.10625
182 0.11015625 0.06953125 0.153125 0.1375
216 0.76328125 0.10859375 0.1390625 0.1453125
182 0.925 0.11796875 0.146875 0.1484375
72 0.434375 0.0921875 0.1375 0.1390625
216 0.596875 0.1015625 0.140625 0.140625
72 0.26953125 0.08515625 0.140625 0.1328125