208 0.58046875 0.20703125 0.165625 0.146875
208 0.046875 0.4140625 0.09375 0.15
174 0.43984375 0.26015625 0.171875 0.15625
174 0.15390625 0.36484375 0.1703125 0.1421875
64 0.7171875 0.16171875 0.1546875 0.146875
64 0.29609375 0.31796875 0.153125 0.1359375
216 0.56328125 0.42109375 0.1765625 0.171875
182 0.0875 0.59609375 0.175 0.1734375
216 0.878125 0.3078125 0.1765625 0.1859375
182 0.2484375 0.53671875 0.1859375 0.1765625
72 0.4015625 0.48125 0.1671875 0.1703125
72 0.71953125 0.365625 0.165625 0.1703125