215 0.47734375 0.265625 0.1609375 0.1640625
181 0.32109375 0.21484375 0.18125 0.1734375
71 0.16484375 0.1640625 0.1578125 0.1609375
74 0.9234375 0.45234375 0.15 0.1640625
218 0.61328125 0.34609375 0.1609375 0.165625
184 0.77109375 0.4078125 0.16875 0.1671875
71 0.103125 0.34609375 0.1546875 0.159375
181 0.55859375 0.509375 0.171875 0.1625
215 0.7140625 0.5625 0.1671875 0.16875
184 0.39140625 0.4734375 0.18125 0.1796875
218 0.85625 0.6375 0.178125 0.1828125
74 0.23671875 0.428125 0.159375 0.1625
181 0.8015625 0.790625 0.1734375 0.171875
71 0.340625 0.640625 0.1578125 0.16875
215 0.4890625 0.69609375 0.1671875 0.175
218 0.63125 0.76875 0.1640625 0.16875
184 0.18203125 0.6203125 0.1734375 0.16875
74 0.05546875 0.5703125 0.1109375 0.165625
71 0.42890625 0.878125 0.1578125 0.1609375
181 0.5796875 0.921875 0.175 0.153125
215 0.28046875 0.8296875 0.1640625 0.1609375
181 0.5421875 0.08046875 0.165625 0.1609375
184 0.73203125 0.9609375 0.1671875 0.075
74 0.02265625 0.7515625 0.0453125 0.1625
218 0.115625 0.8046875 0.165625 0.165625
215 0.38046875 0.05546875 0.1765625 0.1109375
71 0.23046875 0.02890625 0.1609375 0.0578125
184 0.94609375 0.26640625 0.1046875 0.1828125
74 0.67734375 0.1625 0.15625 0.1578125
218 0.82578125 0.21484375 0.159375 0.1609375