215 0.33515625 0.33203125 0.1625 0.165625
181 0.18203125 0.390625 0.1828125 0.175
71 0.0546875 0.45078125 0.109375 0.1640625
74 0.8 0.1953125 0.153125 0.1640625
218 0.49140625 0.30859375 0.1625 0.165625
184 0.653125 0.25703125 0.1703125 0.16875
71 0.09453125 0.63046875 0.15625 0.1609375
181 0.5515625 0.4703125 0.1734375 0.1640625
215 0.70546875 0.4140625 0.16875 0.1703125
184 0.3984375 0.54765625 0.1828125 0.18125
218 0.86328125 0.3828125 0.1796875 0.184375
74 0.25 0.61015625 0.1609375 0.1640625
181 0.9140625 0.5359375 0.16875 0.175
71 0.46484375 0.71015625 0.159375 0.1703125
215 0.61484375 0.659375 0.16875 0.1765625
218 0.77109375 0.6265625 0.165625 0.16875
184 0.328125 0.79375 0.1734375 0.1703125
74 0.1796875 0.8484375 0.1578125 0.165625
71 0.68203125 0.83828125 0.159375 0.1625
181 0.8328125 0.78515625 0.175 0.1734375
215 0.53671875 0.89375 0.165625 0.1625
181 0.26875 0.146875 0.165625 0.1609375
184 0.95703125 0.75 0.0828125 0.175
74 0.24453125 0.97421875 0.1578125 0.0484375
218 0.39375 0.946875 0.16875 0.103125
215 0.109375 0.20859375 0.1765625 0.165625
71 0.021875 0.26484375 0.04375 0.1609375
184 0.728125 0.053125 0.18125 0.10625
74 0.42578125 0.1265625 0.15625 0.1578125
218 0.5734375 0.078125 0.1625 0.15625