215 0.3953125 0.28984375 0.1296875 0.134375
181 0.23125 0.29765625 0.15 0.1390625
71 0.06640625 0.30625 0.128125 0.13125
74 0.87890625 0.303125 0.11875 0.1359375
218 0.55078125 0.315625 0.1296875 0.1359375
184 0.7203125 0.31640625 0.1375 0.1359375
71 0.07421875 0.4984375 0.1234375 0.13125
181 0.55859375 0.4875 0.14375 0.1296875
215 0.721875 0.48203125 0.1359375 0.1375
184 0.3890625 0.5140625 0.1484375 0.1453125
218 0.88125 0.50078125 0.14375 0.15
74 0.228125 0.52734375 0.128125 0.134375
181 0.8859375 0.66328125 0.1421875 0.140625
71 0.4015625 0.6890625 0.125 0.1421875
215 0.559375 0.68671875 0.1328125 0.1453125
218 0.71875 0.70390625 0.1328125 0.1375
184 0.24609375 0.7265625 0.1421875 0.1359375
74 0.0875 0.7328125 0.1234375 0.1375
71 0.56875 0.878125 0.128125 0.1328125
181 0.728125 0.87421875 0.140625 0.140625
215 0.41328125 0.8859375 0.134375 0.1296875
181 0.3890625 0.09296875 0.1359375 0.128125
184 0.8984375 0.89296875 0.1328125 0.1421875
74 0.0921875 0.92578125 0.125 0.1328125
218 0.25078125 0.921875 0.134375 0.1359375
215 0.21875 0.10234375 0.146875 0.1296875
71 0.06328125 0.11015625 0.1265625 0.1296875
184 0.8671875 0.1078125 0.14375 0.15
74 0.54453125 0.121875 0.1265625 0.128125
218 0.7015625 0.1171875 0.128125 0.1328125