51 0.43515625 0.159375 0.1625 0.1984375
159 0.25859375 0.2125 0.2015625 0.2125
229 0.09765625 0.50390625 0.18125 0.20625
226 0.14765625 0.703125 0.1625 0.1859375
48 0.8765625 0.496875 0.1671875 0.2109375
145 0.49453125 0.60859375 0.2296875 0.21875
159 0.7125 0.58671875 0.203125 0.215625
229 0.328125 0.703125 0.1515625 0.18125
51 0.2296875 0.93046875 0.178125 0.1359375
145 0.0765625 0.22421875 0.153125 0.2140625
48 0.58671875 0.0859375 0.1796875 0.171875
226 0.76015625 0.0609375 0.1640625 0.121875