71 0.940625 0.3703125 0.115625 0.159375
181 0.46171875 0.26796875 0.1703125 0.16875
215 0.628125 0.30390625 0.1546875 0.1578125
218 0.78359375 0.36328125 0.16875 0.165625
184 0.28046875 0.26015625 0.1703125 0.1734375
74 0.11875 0.22890625 0.1515625 0.1578125
181 0.73828125 0.53046875 0.1640625 0.1609375
215 0.24765625 0.43671875 0.15625 0.159375
71 0.56796875 0.5046875 0.1578125 0.1671875
74 0.40703125 0.4953125 0.146875 0.1609375
184 0.8953125 0.60078125 0.178125 0.1765625
218 0.084375 0.43046875 0.15 0.15625
215 0.86015625 0.76953125 0.15625 0.1625
71 0.70546875 0.73828125 0.1453125 0.1703125
181 0.365625 0.66796875 0.1703125 0.1609375
218 0.059375 0.63046875 0.11875 0.1609375
184 0.5375 0.73828125 0.1640625 0.16875
74 0.19921875 0.6671875 0.15625 0.153125
71 0.3296875 0.053125 0.15625 0.10625
215 0.6609375 0.1 0.1546875 0.1546875
181 0.49375 0.07890625 0.171875 0.1578125
74 0.16015625 0.05390625 0.1453125 0.1078125
218 0.81796875 0.165625 0.15625 0.1578125
184 0.94921875 0.2015625 0.0984375 0.171875