71 0.846875 0.17734375 0.15 0.1625
181 0.36015625 0.3109375 0.175 0.175
215 0.525 0.2671875 0.159375 0.1625
218 0.690625 0.24921875 0.1734375 0.171875
184 0.1953125 0.3859375 0.1765625 0.178125
74 0.05859375 0.43203125 0.1171875 0.1640625
181 0.72578125 0.41953125 0.16875 0.165625
215 0.24609375 0.55859375 0.1625 0.1640625
71 0.5625 0.4734375 0.1640625 0.1734375
74 0.41484375 0.53828125 0.1515625 0.1640625
184 0.8984375 0.41015625 0.184375 0.1828125
218 0.0984375 0.62734375 0.1546875 0.1609375
215 0.93046875 0.5765625 0.1359375 0.16875
71 0.79140625 0.61953125 0.1515625 0.175
181 0.45625 0.7109375 0.175 0.165625
218 0.14765625 0.82578125 0.1671875 0.1640625
184 0.64140625 0.6953125 0.16875 0.175
74 0.3078125 0.78515625 0.1609375 0.1578125
71 0.13359375 0.1578125 0.1609375 0.159375
215 0.46171875 0.07578125 0.1609375 0.1515625
181 0.29765625 0.11875 0.1765625 0.18125
74 0.028125 0.23203125 0.05625 0.1671875
218 0.63125 0.0703125 0.1625 0.140625
184 0.79609375 0.0515625 0.1734375 0.103125