71 0.94140625 0.37890625 0.1140625 0.1609375
181 0.465625 0.2671875 0.171875 0.1703125
215 0.63125 0.30546875 0.15625 0.159375
218 0.7859375 0.36796875 0.1703125 0.16875
184 0.284375 0.25625 0.1734375 0.175
74 0.1234375 0.221875 0.1546875 0.159375
181 0.7375 0.534375 0.165625 0.1625
215 0.2484375 0.43203125 0.1578125 0.1609375
71 0.5671875 0.50625 0.1609375 0.1703125
74 0.40703125 0.49375 0.1484375 0.1625
184 0.89375 0.6078125 0.18125 0.1796875
218 0.08515625 0.4234375 0.1515625 0.1578125
215 0.85546875 0.77578125 0.1578125 0.1640625
71 0.7015625 0.7421875 0.1484375 0.171875
181 0.3625 0.665625 0.171875 0.1625
218 0.059375 0.621875 0.11875 0.1625
184 0.5328125 0.73828125 0.165625 0.1703125
74 0.19609375 0.66171875 0.1578125 0.1546875
71 0.3375 0.05234375 0.159375 0.1046875
215 0.66796875 0.10234375 0.15625 0.1578125
181 0.50078125 0.0796875 0.1734375 0.159375
74 0.16875 0.05078125 0.146875 0.1015625
218 0.8234375 0.17109375 0.1578125 0.159375
184 0.95078125 0.21015625 0.0953125 0.1734375