71 0.3046875 0.225 0.165625 0.175
181 0.62421875 0.11171875 0.18125 0.1703125
74 0.46484375 0.20234375 0.1796875 0.1875
184 0.80234375 0.08671875 0.1828125 0.1734375
184 0.046875 0.37421875 0.09375 0.1765625
218 0.15546875 0.3234375 0.178125 0.178125
71 0.2171875 0.48125 0.16875 0.175
181 0.85390625 0.2515625 0.1859375 0.1828125
215 0.3765625 0.428125 0.184375 0.171875
74 0.70234375 0.33828125 0.1671875 0.1734375
218 0.5453125 0.40078125 0.1703125 0.1703125
184 0.08046875 0.5734375 0.1609375 0.184375