71 0.55625 0.1671875 0.171875 0.18125
181 0.8625 0.31328125 0.1875 0.178125
74 0.68515625 0.26484375 0.1875 0.19375
184 0.95703125 0.41796875 0.0828125 0.1921875
184 0.23828125 0.07578125 0.1890625 0.1515625
218 0.38125 0.13203125 0.184375 0.1859375
71 0.31328125 0.28671875 0.175 0.18125
181 0.9140625 0.57578125 0.16875 0.1921875
215 0.46328125 0.3625 0.1890625 0.1796875
74 0.75703125 0.52890625 0.175 0.1796875
218 0.60234375 0.46171875 0.1765625 0.1765625
184 0.14453125 0.24921875 0.184375 0.1890625