183 0.46171875 0.1875 0.18125 0.203125
217 0.078125 0.23359375 0.15625 0.1890625
73 0.2578125 0.21796875 0.1796875 0.1921875
65 0.6609375 0.209375 0.1875 0.1609375
175 0.86640625 0.19296875 0.1984375 0.165625
209 0.10625 0.48984375 0.1921875 0.1640625
73 0.5078125 0.65078125 0.1671875 0.1984375
183 0.31640625 0.671875 0.19375 0.1921875
217 0.11875 0.6953125 0.1671875 0.19375
65 0.90703125 0.64453125 0.1828125 0.1640625
209 0.7234375 0.67109375 0.1859375 0.159375
175 0.153125 0.9375 0.20625 0.121875