183 0.39765625 0.20234375 0.2125 0.228125
217 0.06171875 0.328125 0.1234375 0.2125
73 0.20390625 0.275 0.2078125 0.2171875
65 0.59765625 0.1828125 0.209375 0.1890625
175 0.79453125 0.1234375 0.2203125 0.196875
209 0.1125 0.571875 0.2140625 0.1953125
73 0.5390625 0.64609375 0.1984375 0.221875
183 0.35625 0.70625 0.221875 0.2203125
217 0.16796875 0.7703125 0.196875 0.2171875
65 0.91171875 0.55703125 0.1734375 0.1921875
209 0.7546875 0.62109375 0.2078125 0.1890625
175 0.25625 0.96015625 0.225 0.0765625