65 0.1625 0.2859375 0.2140625 0.1921875
209 0.5171875 0.09921875 0.2140625 0.1984375
175 0.109375 0.55625 0.21875 0.225
183 0.3625 0.64921875 0.228125 0.2296875
73 0.53828125 0.55703125 0.2140625 0.2265625
175 0.89140625 0.40546875 0.2140625 0.2140625
209 0.209375 0.77109375 0.2078125 0.1953125
65 0.7203125 0.50078125 0.21875 0.2125
217 0.29453125 0.9140625 0.2171875 0.16875
73 0.65859375 0.04296875 0.2203125 0.0859375
183 0.3125 0.159375 0.228125 0.2296875
217 0.0390625 0.34296875 0.078125 0.2203125