65 0.3921875 0.11484375 0.2 0.1625
209 0.78046875 0.21328125 0.1984375 0.171875
175 0.1640625 0.27265625 0.221875 0.19375
183 0.29765625 0.51875 0.2046875 0.2046875
73 0.490625 0.56796875 0.1875 0.2078125
175 0.85859375 0.6953125 0.20625 0.1859375
209 0.103125 0.50703125 0.190625 0.1703125
65 0.66328125 0.64765625 0.1984375 0.1875
217 0.07421875 0.690625 0.1484375 0.203125
73 0.93515625 0.21484375 0.1265625 0.2046875
183 0.5890625 0.12109375 0.203125 0.20625
217 0.2109375 0.0640625 0.190625 0.128125