209 0.3046875 0.15234375 0.165625 0.1390625
65 0.11640625 0.1625 0.1625 0.146875
175 0.13125 0.3828125 0.1765625 0.140625
183 0.31796875 0.56484375 0.1609375 0.1734375
217 0.70625 0.55703125 0.1625 0.1796875
175 0.9046875 0.57734375 0.1796875 0.1546875
209 0.51796875 0.59140625 0.171875 0.1390625
65 0.12578125 0.61328125 0.178125 0.1546875
73 0.128125 0.78984375 0.1546875 0.171875
73 0.67421875 0.09921875 0.1453125 0.1796875
183 0.87109375 0.09375 0.165625 0.1734375
217 0.4859375 0.1140625 0.15625 0.1671875