209 0.27578125 0.17109375 0.1765625 0.1515625
65 0.08828125 0.196875 0.1734375 0.1609375
175 0.12265625 0.415625 0.1875 0.1546875
183 0.32421875 0.58046875 0.1734375 0.1859375
217 0.71015625 0.5390625 0.1765625 0.1921875
175 0.90546875 0.54140625 0.1859375 0.1703125
209 0.52578125 0.58984375 0.1828125 0.1515625
65 0.13671875 0.6453125 0.1890625 0.16875
73 0.1546875 0.82109375 0.1671875 0.1828125
73 0.63984375 0.090625 0.1609375 0.18125
183 0.83515625 0.07890625 0.1796875 0.1578125
217 0.45234375 0.1171875 0.16875 0.178125