209 0.44921875 0.1046875 0.1984375 0.18125
65 0.27109375 0.06875 0.1984375 0.1375
175 0.20234375 0.25390625 0.2078125 0.1859375
183 0.30703125 0.4921875 0.203125 0.2109375
217 0.66953125 0.6296875 0.2078125 0.2171875
175 0.84609375 0.7234375 0.215625 0.2
209 0.48203125 0.59140625 0.203125 0.1828125
65 0.11015625 0.46484375 0.2125 0.1984375
73 0.07265625 0.6296875 0.1453125 0.209375
73 0.81171875 0.19375 0.190625 0.2109375
183 0.9453125 0.26328125 0.10625 0.2140625
217 0.63125 0.13671875 0.196875 0.203125