229 0.05234375 0.30703125 0.1046875 0.2109375
51 0.3375 0.19140625 0.165625 0.190625
159 0.1296875 0.51796875 0.2109375 0.2078125
145 0.35703125 0.64140625 0.2140625 0.2140625
226 0.71015625 0.50859375 0.1859375 0.2
48 0.17265625 0.715625 0.1625 0.190625
159 0.56171875 0.60078125 0.20625 0.2125
51 0.8875 0.49140625 0.1703125 0.19375
229 0.27265625 0.93671875 0.1703125 0.1234375
48 0.15625 0.21171875 0.159375 0.1859375
226 0.67265625 0.05703125 0.1734375 0.1140625
145 0.503125 0.096875 0.2125 0.19375