229 0.0703125 0.21015625 0.140625 0.1953125
51 0.4046875 0.16484375 0.140625 0.175
159 0.13359375 0.43984375 0.1890625 0.1828125
145 0.33046875 0.60859375 0.1890625 0.1890625
226 0.70390625 0.55234375 0.1609375 0.18125
48 0.13515625 0.64296875 0.1359375 0.1765625
159 0.5390625 0.61171875 0.18125 0.190625
51 0.88125 0.57265625 0.1453125 0.178125
229 0.18046875 0.91171875 0.1453125 0.1734375
48 0.2234375 0.146875 0.1328125 0.171875
226 0.76875 0.07578125 0.15 0.1515625
145 0.5890625 0.09609375 0.1875 0.1921875