175 0.25703125 0.1703125 0.2 0.1609375
209 0.64609375 0.12734375 0.1765625 0.1515625
65 0.09296875 0.41953125 0.1859375 0.1640625
73 0.3015625 0.5859375 0.1671875 0.1859375
217 0.87421875 0.515625 0.1734375 0.2
183 0.11796875 0.6109375 0.1796875 0.1859375
209 0.5078125 0.60234375 0.1796875 0.153125
65 0.69765625 0.57890625 0.1859375 0.153125
175 0.15546875 0.8578125 0.203125 0.184375
217 0.4390625 0.11171875 0.1671875 0.18125
73 0.0671875 0.1625 0.134375 0.190625
183 0.83515625 0.0828125 0.1765625 0.165625