175 0.29921875 0.14296875 0.184375 0.140625
209 0.690625 0.14765625 0.1609375 0.1328125
65 0.1046875 0.3703125 0.16875 0.14375
73 0.29296875 0.5609375 0.146875 0.16875
217 0.86953125 0.5609375 0.153125 0.18125
183 0.10703125 0.56328125 0.159375 0.1671875
209 0.4953125 0.60234375 0.165625 0.134375
65 0.68671875 0.60234375 0.171875 0.1328125
175 0.1140625 0.81328125 0.184375 0.1625
217 0.48671875 0.10703125 0.146875 0.165625
73 0.08828125 0.109375 0.1578125 0.171875
183 0.88515625 0.11484375 0.15625 0.16875