175 0.44765625 0.096875 0.2234375 0.19375
209 0.80859375 0.24453125 0.1984375 0.1828125
65 0.18203125 0.23203125 0.2109375 0.1953125
73 0.28515625 0.47890625 0.2 0.2125
217 0.81953125 0.6953125 0.209375 0.2265625
183 0.11171875 0.41171875 0.2109375 0.215625
209 0.45703125 0.59296875 0.203125 0.1859375
65 0.63515625 0.66484375 0.2078125 0.1875
175 0.07109375 0.646875 0.1421875 0.221875
217 0.63515625 0.13046875 0.1984375 0.2078125
73 0.265625 0.046875 0.2125 0.09375
183 0.94765625 0.28828125 0.1015625 0.2171875