73 0.5484375 0.33046875 0.2015625 0.2203125
217 0.18046875 0.20703125 0.2140625 0.2328125
65 0.903125 0.49765625 0.190625 0.2015625
175 0.365625 0.3109375 0.221875 0.2203125
209 0.728125 0.43515625 0.2125 0.19375
217 0.84921875 0.6890625 0.1953125 0.2078125
183 0.10546875 0.43125 0.2109375 0.225
209 0.28828125 0.540625 0.209375 0.190625
175 0.65859375 0.6703125 0.2171875 0.1921875
65 0.46640625 0.6046875 0.203125 0.1890625
73 0.06171875 0.6453125 0.1234375 0.21875
183 0.25234375 0.05625 0.2109375 0.1125