209 0.72578125 0.16875 0.190625 0.1703125
175 0.15390625 0.1140625 0.1875 0.153125
65 0.12578125 0.32109375 0.1859375 0.1671875
217 0.67734375 0.58125 0.16875 0.1875
183 0.8765625 0.60625 0.1875 0.1984375
175 0.10078125 0.559375 0.2015625 0.1625
65 0.29921875 0.58359375 0.1828125 0.1578125
209 0.48515625 0.60546875 0.190625 0.15625
73 0.07890625 0.74453125 0.1578125 0.1890625
73 0.52734375 0.1109375 0.1640625 0.178125
183 0.91875 0.153125 0.159375 0.190625
217 0.340625 0.09453125 0.165625 0.1765625