208 0.953125 0.26640625 0.090625 0.1796875
176 0.19921875 0.2390625 0.2125 0.2078125
67 0.69375 0.646875 0.2046875 0.215625
211 0.09609375 0.465625 0.1921875 0.2125
176 0.29453125 0.53046875 0.20625 0.2125
210 0.48125 0.5875 0.221875 0.2234375
66 0.221875 0.74609375 0.1984375 0.2203125
177 0.07109375 0.69140625 0.1421875 0.2234375
66 0.821875 0.18671875 0.196875 0.2046875
67 0.6265625 0.13046875 0.190625 0.20625
211 0.23203125 0.0578125 0.2140625 0.115625
177 0.43203125 0.090625 0.2140625 0.18125