208 0.965625 0.35703125 0.065625 0.1953125
176 0.24921875 0.190625 0.228125 0.225
67 0.665625 0.678125 0.221875 0.2296875
211 0.10625 0.39453125 0.2125 0.2265625
176 0.2921875 0.49453125 0.2234375 0.2265625
210 0.46640625 0.5828125 0.2390625 0.240625
66 0.18359375 0.69375 0.2171875 0.2328125
177 0.0625 0.60703125 0.125 0.2390625
66 0.871875 0.24765625 0.2140625 0.21875
67 0.6890625 0.1578125 0.209375 0.21875
211 0.32109375 0.04296875 0.2296875 0.0859375
177 0.50703125 0.0921875 0.2296875 0.184375