64 0.74921875 0.0546875 0.1859375 0.109375
176 0.09765625 0.45546875 0.1953125 0.2203125
210 0.13203125 0.6859375 0.2046875 0.2140625
176 0.51015625 0.5640625 0.2234375 0.21875
177 0.71015625 0.5015625 0.2296875 0.228125
66 0.321875 0.6328125 0.184375 0.2078125
64 0.89765625 0.45546875 0.1734375 0.1640625
211 0.2234375 0.8953125 0.2125 0.20625
210 0.04765625 0.2484375 0.0953125 0.20625
67 0.36640625 0.12890625 0.1953125 0.2
211 0.17890625 0.18984375 0.20625 0.2078125
177 0.5625 0.08359375 0.20625 0.1671875