64 0.89921875 0.12578125 0.159375 0.1703125
211 0.12109375 0.32265625 0.1671875 0.1671875
211 0.10390625 0.55234375 0.1515625 0.165625
66 0.7 0.55546875 0.165625 0.1671875
176 0.503125 0.5578125 0.175 0.159375
210 0.30390625 0.559375 0.15 0.1671875
64 0.88125 0.56875 0.1484375 0.134375
177 0.13046875 0.7859375 0.1703125 0.159375
176 0.48984375 0.09140625 0.175 0.153125
210 0.10703125 0.09296875 0.153125 0.1578125
177 0.69453125 0.0953125 0.1765625 0.15625
67 0.2953125 0.09609375 0.14375 0.153125