66 0.31328125 0.40625 0.196875 0.2046875
211 0.0953125 0.4515625 0.190625 0.225
176 0.15546875 0.70546875 0.215625 0.209375
66 0.5921875 0.6234375 0.2140625 0.209375
210 0.37734375 0.6765625 0.1921875 0.209375
177 0.80546875 0.5953125 0.228125 0.228125
67 0.41171875 0.903125 0.2140625 0.190625
211 0.19609375 0.92890625 0.2109375 0.1390625
177 0.4921875 0.1140625 0.2140625 0.2125
176 0.08359375 0.2015625 0.1671875 0.209375
210 0.7125 0.0921875 0.225 0.184375
67 0.26953125 0.1625 0.1890625 0.20625