66 0.34375 0.36171875 0.178125 0.1875
211 0.115625 0.34609375 0.1828125 0.20625
176 0.1140625 0.609375 0.196875 0.1890625
66 0.55703125 0.64375 0.1953125 0.190625
210 0.3359375 0.6390625 0.171875 0.1921875
177 0.77109375 0.67109375 0.2078125 0.2078125
67 0.30703125 0.8765625 0.19375 0.1921875
211 0.09140625 0.86640625 0.1828125 0.1859375
177 0.5921875 0.125 0.1953125 0.19375
176 0.14453125 0.0953125 0.2109375 0.1875
210 0.81484375 0.14296875 0.203125 0.2
67 0.36484375 0.11484375 0.1703125 0.190625