177 0.4390625 0.1265625 0.203125 0.190625
67 0.23203125 0.1671875 0.190625 0.1953125
66 0.28359375 0.390625 0.19375 0.1953125
176 0.09453125 0.43203125 0.1890625 0.2046875
210 0.7359375 0.55546875 0.1921875 0.1984375
211 0.128125 0.675 0.2015625 0.215625
176 0.53046875 0.59921875 0.2078125 0.2265625
66 0.3296875 0.63984375 0.190625 0.2
64 0.91875 0.5390625 0.159375 0.153125
177 0.2046875 0.896875 0.21875 0.196875
210 0.0703125 0.20078125 0.140625 0.1984375
211 0.64921875 0.09609375 0.2015625 0.1921875