213 0.1984375 0.2015625 0.1625 0.165625
69 0.39921875 0.1578125 0.15625 0.1546875
179 0.07578125 0.4359375 0.1515625 0.178125
212 0.103125 0.6171875 0.178125 0.184375
174 0.909375 0.446875 0.1703125 0.1453125
69 0.4953125 0.56015625 0.1671875 0.16875
179 0.296875 0.61328125 0.1765625 0.175
213 0.709375 0.52109375 0.1734375 0.1671875
68 0.171875 0.7984375 0.1734375 0.196875
178 0.603125 0.08046875 0.178125 0.1609375
212 0.0484375 0.20859375 0.096875 0.1796875
68 0.78125 0.0640625 0.19375 0.128125