213 0.2921875 0.1296875 0.1421875 0.1453125
69 0.49765625 0.14296875 0.1375 0.1359375
179 0.09765625 0.3171875 0.1546875 0.1546875
212 0.0859375 0.503125 0.1546875 0.1640625
174 0.90859375 0.56171875 0.1546875 0.121875
69 0.47890625 0.55703125 0.146875 0.1484375
179 0.2734375 0.553125 0.15625 0.153125
213 0.6953125 0.578125 0.153125 0.1453125
68 0.10234375 0.696875 0.1484375 0.1765625
178 0.71640625 0.115625 0.1546875 0.15625
212 0.11015625 0.084375 0.146875 0.1578125
68 0.89765625 0.13046875 0.1703125 0.1578125