179 0.39609375 0.09921875 0.1734375 0.175
213 0.17109375 0.0734375 0.1734375 0.146875
68 0.1953125 0.22890625 0.1703125 0.1875
178 0.50234375 0.5109375 0.190625 0.1984375
212 0.1 0.43046875 0.1734375 0.1828125
64 0.90078125 0.6265625 0.15625 0.1421875
213 0.27890625 0.50703125 0.1625 0.1640625
179 0.684375 0.59453125 0.1828125 0.1703125
68 0.0984375 0.63203125 0.178125 0.196875
178 0.8046875 0.1453125 0.1875 0.178125
212 0.6140625 0.109375 0.1734375 0.178125
64 0.95390625 0.21484375 0.0890625 0.1578125