179 0.29609375 0.13984375 0.153125 0.1546875
213 0.071875 0.1578125 0.14375 0.15625
68 0.13515625 0.3171875 0.146875 0.1703125
178 0.50546875 0.51015625 0.1671875 0.1765625
212 0.09609375 0.5359375 0.1515625 0.1640625
64 0.9203125 0.51875 0.140625 0.1234375
213 0.28828125 0.5640625 0.14375 0.1453125
179 0.70234375 0.54375 0.165625 0.1484375
68 0.14609375 0.73125 0.1546875 0.178125
178 0.70234375 0.07890625 0.16875 0.15625
212 0.509375 0.09375 0.153125 0.159375
64 0.8984375 0.09765625 0.1421875 0.1375