179 0.1671875 0.25390625 0.196875 0.196875
213 0.03203125 0.36328125 0.0640625 0.1984375
68 0.09609375 0.48125 0.1921875 0.209375
178 0.50859375 0.50703125 0.2171875 0.221875
212 0.1453125 0.69765625 0.1984375 0.2046875
64 0.89140625 0.34609375 0.1734375 0.165625
213 0.3328125 0.64453125 0.184375 0.1859375
179 0.70234375 0.45703125 0.2046875 0.196875
68 0.2703125 0.85546875 0.2078125 0.21875
178 0.5140625 0.06796875 0.2125 0.1359375
212 0.34296875 0.125 0.1984375 0.2015625
64 0.7 0.03046875 0.18125 0.0609375