213 0.55546875 0.159375 0.171875 0.171875
69 0.7546875 0.209375 0.18125 0.165625
213 0.12265625 0.28046875 0.171875 0.1578125
212 0.0875 0.459375 0.1609375 0.1796875
68 0.4703125 0.54140625 0.175 0.1921875
213 0.65234375 0.61015625 0.165625 0.16875
179 0.86171875 0.65859375 0.184375 0.171875
69 0.25546875 0.53203125 0.1625 0.1703125
178 0.071875 0.65703125 0.14375 0.1859375
68 0.94453125 0.21015625 0.1078125 0.1796875
212 0.17890625 0.0671875 0.1734375 0.134375
178 0.37265625 0.08984375 0.1828125 0.1796875