213 0.61953125 0.1765625 0.190625 0.190625
69 0.80546875 0.26328125 0.196875 0.1859375
213 0.17109375 0.2125 0.1875 0.178125
212 0.103125 0.38125 0.1828125 0.1953125
68 0.46328125 0.53515625 0.196875 0.209375
213 0.62890625 0.63671875 0.1828125 0.1859375
179 0.825 0.72421875 0.2015625 0.19375
69 0.25390625 0.484375 0.18125 0.1875
178 0.065625 0.56953125 0.13125 0.2046875
68 0.96328125 0.30546875 0.0703125 0.1953125
212 0.271875 0.0453125 0.19375 0.090625
178 0.4546875 0.0859375 0.203125 0.171875