174 0.94609375 0.23046875 0.1046875 0.1578125
213 0.5578125 0.1609375 0.1734375 0.1609375
69 0.75859375 0.20625 0.171875 0.1703125
68 0.2015625 0.25234375 0.1578125 0.1796875
178 0.8828125 0.6078125 0.2 0.196875
212 0.50859375 0.53671875 0.1921875 0.1921875
68 0.69375 0.578125 0.171875 0.1828125
213 0.10078125 0.4796875 0.165625 0.1796875
69 0.303125 0.53203125 0.178125 0.1640625
179 0.07734375 0.6875 0.1546875 0.16875
178 0.3890625 0.0859375 0.175 0.171875
212 0.19296875 0.0671875 0.1734375 0.134375