213 0.10859375 0.1015625 0.1515625 0.1453125
69 0.896875 0.1609375 0.15625 0.1453125
179 0.10546875 0.3046875 0.165625 0.14375
68 0.72421875 0.53203125 0.1421875 0.1671875
212 0.9140625 0.54921875 0.14375 0.171875
179 0.3015625 0.5328125 0.1609375 0.159375
69 0.5109375 0.55390625 0.14375 0.1453125
213 0.0859375 0.525 0.140625 0.1421875
178 0.08046875 0.6921875 0.1609375 0.1625
212 0.33046875 0.08125 0.1640625 0.1625
178 0.5265625 0.09609375 0.1609375 0.1578125
68 0.71875 0.1109375 0.146875 0.1625