213 0.26875 0.04140625 0.1875 0.0828125
69 0.94609375 0.31796875 0.1046875 0.1859375
179 0.19609375 0.18203125 0.196875 0.184375
68 0.69921875 0.60703125 0.184375 0.1984375
212 0.871875 0.68828125 0.1875 0.203125
179 0.30234375 0.46328125 0.1984375 0.196875
69 0.4921875 0.5546875 0.178125 0.1796875
213 0.10234375 0.38203125 0.175 0.175
178 0.06953125 0.5359375 0.1390625 0.2
212 0.48515625 0.07421875 0.2015625 0.1484375
178 0.66328125 0.1296875 0.1984375 0.196875
68 0.8390625 0.209375 0.1875 0.1953125