213 0.0671875 0.159375 0.134375 0.146875
69 0.84609375 0.109375 0.15625 0.1453125
179 0.0828125 0.36171875 0.165625 0.1453125
68 0.7265625 0.50078125 0.1421875 0.1671875
212 0.9171875 0.49140625 0.14375 0.171875
179 0.30859375 0.56015625 0.1609375 0.159375
69 0.51875 0.55234375 0.14375 0.1453125
213 0.09375 0.5828125 0.140625 0.1421875
178 0.11015625 0.7484375 0.1609375 0.1609375
212 0.2734375 0.10625 0.1625 0.1640625
178 0.4703125 0.09609375 0.1609375 0.1578125
68 0.6625 0.084375 0.146875 0.1625