69 0.21640625 0.21953125 0.18125 0.1671875
179 0.04921875 0.2671875 0.0984375 0.165625
212 0.06953125 0.4328125 0.1390625 0.1875
68 0.52109375 0.5421875 0.175 0.1953125
212 0.91171875 0.4578125 0.1734375 0.2
213 0.321875 0.63515625 0.1765625 0.1703125
69 0.71171875 0.54609375 0.18125 0.1796875
179 0.1140625 0.68515625 0.18125 0.18125
178 0.1453125 0.846875 0.1765625 0.1828125
178 0.4265625 0.125 0.19375 0.1953125
212 0.6296875 0.08515625 0.171875 0.1703125
68 0.81484375 0.06640625 0.1640625 0.1328125