69 0.275 0.17109375 0.1578125 0.1421875
179 0.0703125 0.17890625 0.140625 0.1421875
212 0.0734375 0.34765625 0.146875 0.1640625
68 0.5125 0.5453125 0.146875 0.171875
212 0.9171875 0.53671875 0.153125 0.175
213 0.29921875 0.5984375 0.1546875 0.1453125
69 0.69921875 0.5859375 0.15625 0.1546875
179 0.0859375 0.60859375 0.15625 0.15625
178 0.0859375 0.7734375 0.15 0.159375
178 0.49921875 0.11796875 0.1671875 0.16875
212 0.70703125 0.1109375 0.14375 0.159375
68 0.89609375 0.10859375 0.1359375 0.1609375