69 0.4765625 0.10234375 0.2015625 0.19375
179 0.29375 0.0484375 0.190625 0.096875
212 0.21015625 0.1484375 0.203125 0.2078125
68 0.4875 0.5453125 0.2046875 0.2140625
212 0.83828125 0.746875 0.2109375 0.2203125
213 0.27734375 0.48125 0.1984375 0.1953125
69 0.6265625 0.6765625 0.2046875 0.203125
179 0.096875 0.3796875 0.19375 0.20625
178 0.053125 0.521875 0.10625 0.20625
178 0.69609375 0.171875 0.2203125 0.2203125
212 0.87734375 0.2734375 0.196875 0.2015625
68 0.971875 0.36953125 0.053125 0.2015625