213 0.53515625 0.14921875 0.1703125 0.1578125
179 0.7515625 0.1921875 0.171875 0.1546875
69 0.1109375 0.28359375 0.153125 0.153125
212 0.8796875 0.58828125 0.1734375 0.19375
178 0.0953125 0.45234375 0.1734375 0.178125
68 0.275 0.49296875 0.1609375 0.1828125
69 0.659375 0.59453125 0.15625 0.1640625
213 0.46640625 0.56328125 0.1734375 0.1609375
179 0.06953125 0.6875 0.1390625 0.175
68 0.94296875 0.1796875 0.1109375 0.190625
212 0.3515625 0.0828125 0.171875 0.165625
178 0.165625 0.06640625 0.178125 0.1328125