69 0.06953125 0.18203125 0.1390625 0.1546875
213 0.27578125 0.17109375 0.171875 0.1328125
179 0.08515625 0.38515625 0.1671875 0.1578125
212 0.29140625 0.54765625 0.1453125 0.171875
178 0.71875 0.52421875 0.171875 0.171875
68 0.0953125 0.57109375 0.1390625 0.1734375
213 0.90546875 0.546875 0.159375 0.1546875
179 0.49140625 0.57890625 0.1734375 0.1578125
69 0.1015625 0.8234375 0.165625 0.15
178 0.890625 0.0828125 0.159375 0.165625
68 0.49453125 0.11015625 0.146875 0.1625
212 0.68515625 0.096875 0.1484375 0.1640625