69 0.040625 0.32265625 0.08125 0.1859375
213 0.1890625 0.25078125 0.196875 0.171875
179 0.0859375 0.51171875 0.171875 0.1953125
212 0.3140625 0.60625 0.184375 0.2
178 0.71640625 0.45859375 0.2078125 0.2078125
68 0.13359375 0.68671875 0.1796875 0.2
213 0.9015625 0.42578125 0.190625 0.1890625
179 0.51484375 0.578125 0.2046875 0.1953125
69 0.21328125 0.915625 0.1984375 0.165625
178 0.75 0.04296875 0.19375 0.0859375
68 0.38125 0.12890625 0.1828125 0.1921875
212 0.55859375 0.0796875 0.1859375 0.159375