180 0.68828125 0.178125 0.25625 0.2171875
180 0.9015625 0.2265625 0.19375 0.225
214 0.19453125 0.1 0.2546875 0.2
70 0.43828125 0.1359375 0.234375 0.2234375
214 0.15234375 0.3203125 0.2453125 0.2140625
70 0.39375 0.36875 0.234375 0.2140625
214 0.60859375 0.659375 0.2515625 0.23125
180 0.35390625 0.61796875 0.2609375 0.2234375
70 0.84609375 0.71484375 0.2421875 0.228125
214 0.11328125 0.57109375 0.2265625 0.2390625
180 0.09921875 0.79921875 0.1984375 0.2390625
70 0.30859375 0.84921875 0.24375 0.2359375