214 0.25234375 0.0734375 0.2234375 0.146875
180 0.42265625 0.27890625 0.2125 0.1875
214 0.63046875 0.328125 0.2125 0.1890625
180 0.20546875 0.2328125 0.225 0.20625
214 0.83828125 0.3796875 0.2125 0.184375
70 0.15859375 0.42109375 0.225 0.2
180 0.7734375 0.56640625 0.2203125 0.1921875
70 0.5640625 0.51875 0.209375 0.1890625
180 0.3640625 0.4734375 0.2171875 0.1984375
180 0.32421875 0.6734375 0.2171875 0.2
214 0.1109375 0.634375 0.2171875 0.1859375
70 0.72890625 0.77734375 0.2125 0.190625
70 0.52578125 0.7359375 0.2109375 0.196875
180 0.09375 0.81796875 0.1875 0.2078125
214 0.2875 0.87578125 0.2140625 0.1921875
214 0.846875 0.178125 0.2234375 0.196875
70 0.45625 0.0921875 0.209375 0.184375
70 0.65 0.134375 0.20625 0.178125