214 0.28359375 0.06796875 0.2296875 0.1359375
180 0.43828125 0.2734375 0.2203125 0.196875
214 0.6421875 0.3375 0.21875 0.1984375
180 0.225 0.2125 0.2328125 0.2171875
214 0.8453125 0.40390625 0.21875 0.19375
70 0.165625 0.39765625 0.2328125 0.2109375
180 0.76796875 0.58515625 0.228125 0.2015625
70 0.5625 0.5234375 0.215625 0.1984375
180 0.36640625 0.4640625 0.225 0.2078125
180 0.3125 0.6609375 0.225 0.209375
214 0.1078125 0.6078125 0.215625 0.196875
70 0.70859375 0.7921875 0.2203125 0.2
70 0.509375 0.7375 0.21875 0.20625
180 0.08515625 0.78828125 0.1703125 0.2171875
214 0.26171875 0.86015625 0.2203125 0.2015625
214 0.86875 0.203125 0.23125 0.20625
70 0.48515625 0.09296875 0.2171875 0.1859375
70 0.675 0.14609375 0.2125 0.1875