214 0.19765625 0.08515625 0.2078125 0.1703125
180 0.39609375 0.28984375 0.1984375 0.1671875
214 0.60859375 0.31328125 0.1984375 0.1703125
180 0.175 0.2703125 0.2078125 0.1875
214 0.82109375 0.33984375 0.1984375 0.165625
70 0.1515625 0.46328125 0.2109375 0.1796875
180 0.7796875 0.5328125 0.20625 0.171875
70 0.565625 0.5109375 0.19375 0.1703125
180 0.36171875 0.48984375 0.2015625 0.178125
180 0.346875 0.69375 0.2015625 0.18125
214 0.13046875 0.68125 0.203125 0.165625
70 0.7609375 0.74765625 0.1984375 0.171875
70 0.55390625 0.73125 0.1953125 0.178125
180 0.1171875 0.8671875 0.2078125 0.1859375
214 0.334375 0.89921875 0.1984375 0.1734375
214 0.80546875 0.13828125 0.209375 0.1765625
70 0.40546875 0.09765625 0.19375 0.16875
70 0.6046875 0.11875 0.1921875 0.159375