250 0.434375 0.27421875 0.134375 0.1296875
205 0.934375 0.28515625 0.1296875 0.1421875
94 0.275 0.275 0.1328125 0.1328125
250 0.59765625 0.28046875 0.1421875 0.134375
205 0.10859375 0.2734375 0.1328125 0.1390625
94 0.7765625 0.2859375 0.134375 0.1375
86 0.546875 0.49453125 0.1328125 0.115625
242 0.246875 0.48984375 0.1296875 0.0984375
86 0.40234375 0.49375 0.125 0.1046875
242 0.83203125 0.50546875 0.140625 0.115625
197 0.09921875 0.49765625 0.1375 0.1078125
197 0.6953125 0.509375 0.1234375 0.1046875
250 0.59375 0.684375 0.1328125 0.128125
94 0.4359375 0.6828125 0.125 0.1328125
250 0.2640625 0.68046875 0.140625 0.1375
94 0.76484375 0.6890625 0.140625 0.1421875
205 0.09765625 0.67734375 0.134375 0.1421875
205 0.925 0.6953125 0.128125 0.1421875
242 0.39921875 0.08828125 0.1296875 0.1
86 0.24921875 0.890625 0.1265625 0.1234375
242 0.83515625 0.90546875 0.1328125 0.0984375
242 0.53671875 0.9 0.125 0.1046875
197 0.09609375 0.89609375 0.1375 0.1125
197 0.68125 0.91015625 0.1234375 0.1171875
86 0.39453125 0.90625 0.121875 0.103125
86 0.85078125 0.1 0.134375 0.103125
86 0.25859375 0.090625 0.13125 0.103125
242 0.69765625 0.0984375 0.1265625 0.0921875
197 0.55 0.09765625 0.1296875 0.0984375
197 0.1046875 0.0984375 0.134375 0.1125