250 0.39609375 0.2890625 0.1515625 0.146875
205 0.890625 0.2125 0.146875 0.1578125
94 0.2390625 0.3171875 0.15 0.15
250 0.5578125 0.2671875 0.159375 0.1515625
205 0.075 0.3453125 0.15 0.1546875
94 0.73515625 0.24140625 0.1515625 0.1546875
86 0.5453125 0.48671875 0.146875 0.1328125
242 0.24921875 0.534375 0.140625 0.1140625
86 0.403125 0.5109375 0.1375 0.121875
242 0.828125 0.4484375 0.1546875 0.1328125
197 0.1046875 0.5671875 0.15 0.125
197 0.69375 0.47578125 0.1359375 0.1203125
250 0.62421875 0.665625 0.1484375 0.1453125
94 0.46875 0.690625 0.1421875 0.1484375
250 0.29921875 0.71875 0.1578125 0.1546875
94 0.79375 0.63984375 0.1578125 0.159375
205 0.134375 0.74453125 0.1515625 0.159375
205 0.9390625 0.61875 0.11875 0.159375
242 0.3296875 0.11171875 0.140625 0.115625
86 0.32109375 0.92890625 0.1421875 0.140625
242 0.90078125 0.840625 0.1453125 0.115625
242 0.60546875 0.8875 0.1375 0.121875
197 0.171875 0.946875 0.153125 0.103125
197 0.75 0.87265625 0.1375 0.1328125
86 0.46640625 0.91796875 0.134375 0.11875
86 0.77578125 0.053125 0.1484375 0.10625
86 0.19140625 0.13828125 0.14375 0.1203125
242 0.625 0.0703125 0.1375 0.1078125
197 0.4796875 0.0953125 0.140625 0.1140625
197 0.0578125 0.1734375 0.115625 0.13125