250 0.603125 0.31640625 0.153125 0.159375
205 0.9296875 0.37265625 0.1375 0.1703125
94 0.44609375 0.29609375 0.15 0.1453125
250 0.109375 0.24375 0.15625 0.1625
205 0.2796875 0.275 0.146875 0.159375
94 0.778125 0.35546875 0.171875 0.1671875
205 0.7421875 0.540625 0.15 0.1625
94 0.24453125 0.46484375 0.15625 0.165625
205 0.4078125 0.49453125 0.15 0.1453125
250 0.0765625 0.44453125 0.153125 0.1765625
94 0.91015625 0.578125 0.1671875 0.16875
250 0.56796875 0.528125 0.165625 0.165625
94 0.87890625 0.771875 0.153125 0.1671875
250 0.0625 0.6421875 0.125 0.14375
205 0.37890625 0.69609375 0.159375 0.175
94 0.54921875 0.72265625 0.1609375 0.1625
205 0.209375 0.6703125 0.1484375 0.1578125
250 0.7109375 0.74921875 0.146875 0.15
242 0.03984375 0.85703125 0.0796875 0.1171875
242 0.15546875 0.88125 0.1546875 0.1109375
197 0.30859375 0.9078125 0.140625 0.1234375
197 0.60234375 0.94296875 0.1453125 0.1109375
86 0.7546875 0.959375 0.15 0.078125
86 0.45703125 0.93515625 0.1515625 0.1265625
94 0.31796875 0.07421875 0.1484375 0.1484375
205 0.14375 0.05859375 0.1625 0.1171875
250 0.6421875 0.12265625 0.15625 0.1578125
205 0.478125 0.09921875 0.14375 0.1546875
250 0.94140625 0.178125 0.1140625 0.15625
94 0.8140625 0.15390625 0.1625 0.1703125