250 0.4796875 0.28984375 0.1796875 0.184375
205 0.784375 0.1453125 0.18125 0.190625
94 0.3390625 0.3640625 0.1734375 0.1703125
250 0.06328125 0.51484375 0.1265625 0.1890625
205 0.190625 0.4421875 0.175 0.1828125
94 0.6453125 0.221875 0.2 0.196875
205 0.721875 0.39453125 0.1796875 0.1875
94 0.2703125 0.61796875 0.1859375 0.190625
205 0.42109375 0.54921875 0.1734375 0.171875
250 0.1203125 0.69765625 0.1859375 0.1984375
94 0.88046875 0.32890625 0.1953125 0.196875
250 0.571875 0.48359375 0.19375 0.19375
94 0.93671875 0.50546875 0.1234375 0.1921875
250 0.21328125 0.87421875 0.171875 0.1671875
205 0.51328125 0.7296875 0.190625 0.2
94 0.66796875 0.6546875 0.1890625 0.190625
205 0.359375 0.80546875 0.1765625 0.18125
250 0.81640625 0.5828125 0.1734375 0.1734375
242 0.4375 0.96796875 0.16875 0.0609375
197 0.57734375 0.93359375 0.1609375 0.1296875
197 0.84375 0.8140625 0.1640625 0.1578125
86 0.95 0.74609375 0.096875 0.1453125
86 0.715625 0.8828125 0.1703125 0.1578125
94 0.103125 0.25078125 0.175 0.18125
205 0.01875 0.33125 0.0375 0.178125
250 0.4 0.11015625 0.1828125 0.1828125
205 0.25234375 0.184375 0.171875 0.1765625
250 0.69453125 0.03125 0.1828125 0.0625
94 0.559375 0.06796875 0.19375 0.1359375