250 0.490625 0.2890625 0.1765625 0.18125
205 0.80234375 0.16015625 0.1765625 0.1875
94 0.34609375 0.35546875 0.1703125 0.1671875
250 0.06171875 0.48984375 0.1234375 0.1859375
205 0.19375 0.4265625 0.171875 0.1796875
94 0.659375 0.23046875 0.1953125 0.1921875
205 0.7265625 0.40625 0.1765625 0.184375
94 0.26484375 0.60546875 0.18125 0.1875
205 0.41875 0.54453125 0.1703125 0.1671875
250 0.11015625 0.67734375 0.18125 0.1953125
94 0.8890625 0.34921875 0.1921875 0.19375
250 0.57265625 0.4875 0.1890625 0.1890625
94 0.93671875 0.53046875 0.1234375 0.1890625
250 0.19375 0.859375 0.16875 0.1640625
205 0.50078125 0.73046875 0.1859375 0.196875
94 0.66015625 0.66328125 0.1859375 0.1859375
205 0.34375 0.79765625 0.171875 0.178125
250 0.8109375 0.59921875 0.16875 0.1703125
242 0.41015625 0.9671875 0.1671875 0.0625
197 0.55390625 0.9359375 0.1578125 0.125
197 0.8265625 0.83125 0.1625 0.1546875
86 0.94296875 0.771875 0.1109375 0.140625
86 0.6953125 0.89375 0.1671875 0.1546875
94 0.11640625 0.2296875 0.1703125 0.178125
205 0.02265625 0.30234375 0.0453125 0.1734375
250 0.4203125 0.10546875 0.1796875 0.1796875
205 0.26875 0.171875 0.1671875 0.175
250 0.721875 0.03515625 0.178125 0.0703125
94 0.58359375 0.06953125 0.1890625 0.1390625