250 0.52890625 0.271875 0.184375 0.1796875
250 0.67109375 0.35625 0.1953125 0.1921875
94 0.8265625 0.44296875 0.1921875 0.1953125
94 0.93046875 0.52109375 0.1359375 0.2109375
205 0.3703125 0.203125 0.1859375 0.1890625
94 0.21953125 0.12109375 0.190625 0.196875
250 0.571875 0.534375 0.19375 0.1890625
94 0.13046875 0.29453125 0.1828125 0.184375
94 0.27578125 0.37578125 0.1984375 0.1953125
250 0.87109375 0.70859375 0.1875 0.1875
205 0.421875 0.4671875 0.184375 0.1984375
205 0.72109375 0.634375 0.1796875 0.1828125