249 0.096875 0.284375 0.128125 0.115625
93 0.734375 0.28671875 0.13125 0.134375
204 0.5734375 0.2890625 0.128125 0.121875
252 0.8796875 0.31171875 0.13125 0.140625
96 0.4203125 0.31640625 0.128125 0.134375
207 0.25625 0.31875 0.128125 0.125
204 0.25703125 0.475 0.125 0.125
93 0.5765625 0.475 0.13125 0.153125
249 0.09453125 0.475 0.128125 0.125
207 0.73671875 0.5015625 0.1109375 0.128125
96 0.4171875 0.5046875 0.121875 0.1390625
252 0.884375 0.50859375 0.134375 0.13125
249 0.09453125 0.66875 0.125 0.115625
93 0.89453125 0.66875 0.13125 0.1328125
204 0.4109375 0.675 0.128125 0.125
252 0.25234375 0.69765625 0.121875 0.13125
207 0.73359375 0.7 0.1171875 0.13125
96 0.5765625 0.70078125 0.13125 0.13125
93 0.265625 0.08984375 0.125 0.121875
249 0.88828125 0.090625 0.121875 0.115625
204 0.73125 0.096875 0.13125 0.128125
207 0.41328125 0.12109375 0.1265625 0.1265625
252 0.0953125 0.12109375 0.134375 0.1265625
96 0.58359375 0.128125 0.11875 0.128125