249 0.09296875 0.29140625 0.13125 0.1171875
93 0.73046875 0.2828125 0.1328125 0.1359375
204 0.56953125 0.2875 0.1296875 0.1234375
252 0.8765625 0.30546875 0.134375 0.1421875
96 0.4171875 0.31796875 0.13125 0.1375
207 0.253125 0.32265625 0.1296875 0.1265625
204 0.25625 0.47890625 0.1265625 0.1265625
93 0.57578125 0.4734375 0.134375 0.1546875
249 0.09453125 0.48203125 0.13125 0.1265625
207 0.73671875 0.49765625 0.1125 0.13125
96 0.4171875 0.50625 0.125 0.140625
252 0.884375 0.5015625 0.1375 0.1328125
249 0.09765625 0.67578125 0.1265625 0.11875
93 0.89765625 0.66171875 0.1328125 0.134375
204 0.4140625 0.6765625 0.1296875 0.1265625
252 0.25546875 0.7015625 0.125 0.1328125
207 0.73671875 0.69609375 0.11875 0.1328125
96 0.5796875 0.69921875 0.1328125 0.1328125
93 0.25859375 0.09375 0.1265625 0.125
249 0.88125 0.08359375 0.125 0.11875
204 0.72421875 0.09296875 0.1328125 0.13125
207 0.40703125 0.12265625 0.128125 0.128125
252 0.0890625 0.128125 0.1359375 0.128125
96 0.57734375 0.1265625 0.1203125 0.1296875