249 0.065625 0.41171875 0.13125 0.1484375
93 0.66171875 0.22734375 0.1640625 0.1671875
204 0.50859375 0.2765625 0.1578125 0.153125
252 0.8078125 0.20859375 0.1671875 0.1734375
96 0.3703125 0.34765625 0.1625 0.1671875
207 0.2140625 0.39765625 0.159375 0.15625
204 0.26015625 0.546875 0.1546875 0.1546875
93 0.565625 0.45390625 0.1703125 0.184375
249 0.1046875 0.59453125 0.159375 0.15625
207 0.7265625 0.43203125 0.14375 0.15625
96 0.421875 0.52890625 0.1578125 0.16875
252 0.8703125 0.39609375 0.1671875 0.165625
249 0.16171875 0.7796875 0.153125 0.146875
93 0.92109375 0.54609375 0.1546875 0.1671875
204 0.465625 0.69375 0.159375 0.15625
252 0.32109375 0.76171875 0.1546875 0.1609375
207 0.78203125 0.62265625 0.15 0.159375
96 0.63203125 0.66953125 0.1640625 0.1640625
93 0.15625 0.1765625 0.1546875 0.153125
249 0.7515625 0.03515625 0.153125 0.0703125
204 0.60390625 0.0640625 0.1640625 0.128125
207 0.30625 0.16328125 0.1578125 0.1578125
252 0.04296875 0.25625 0.0859375 0.1625
96 0.47109375 0.1203125 0.1515625 0.1578125