207 0.56953125 0.14609375 0.1140625 0.1296875
96 0.72734375 0.14609375 0.134375 0.1359375
252 0.24609375 0.15078125 0.1375 0.13125
93 0.09296875 0.31171875 0.1359375 0.1296875
204 0.571875 0.315625 0.11875 0.1265625
249 0.73125 0.315625 0.121875 0.11875
252 0.409375 0.33828125 0.121875 0.13125
96 0.90234375 0.33984375 0.121875 0.134375
207 0.24921875 0.3421875 0.11875 0.134375
93 0.08984375 0.50859375 0.121875 0.1203125
249 0.565625 0.51015625 0.121875 0.125
204 0.4078125 0.51328125 0.1203125 0.125
96 0.2515625 0.534375 0.121875 0.1296875
252 0.89375 0.5375 0.1359375 0.134375
207 0.7296875 0.53828125 0.121875 0.1359375
93 0.0859375 0.69921875 0.125 0.128125
249 0.24609375 0.70078125 0.11875 0.115625
204 0.4078125 0.7015625 0.121875 0.13125
252 0.734375 0.7296875 0.1453125 0.1296875
207 0.5703125 0.73203125 0.1265625 0.134375
96 0.896875 0.734375 0.121875 0.1375
93 0.73125 0.896875 0.125 0.134375
204 0.08984375 0.896875 0.125 0.128125
249 0.40703125 0.9015625 0.11875 0.1296875
96 0.25625 0.92109375 0.13125 0.134375
207 0.88515625 0.92578125 0.134375 0.1296875
252 0.5640625 0.92890625 0.1296875 0.13125
249 0.0828125 0.1078125 0.13125 0.121875
204 0.88984375 0.11953125 0.115625 0.11875
93 0.41484375 0.1203125 0.1265625 0.14375