207 0.46328125 0.14140625 0.146875 0.1578125
96 0.6140625 0.0953125 0.16875 0.16875
252 0.15546875 0.240625 0.1703125 0.1671875
93 0.0703125 0.4390625 0.140625 0.165625
204 0.51484375 0.30234375 0.15 0.15625
249 0.6671875 0.25625 0.1515625 0.1484375
252 0.36640625 0.371875 0.1546875 0.1609375
96 0.83828125 0.22890625 0.15625 0.1640625
207 0.2140625 0.42265625 0.153125 0.1625
93 0.11015625 0.628125 0.1515625 0.15
249 0.565625 0.490625 0.153125 0.15625
204 0.415625 0.53984375 0.1515625 0.1546875
96 0.27265625 0.60546875 0.1546875 0.159375
252 0.8875 0.42109375 0.16875 0.1671875
207 0.73046875 0.46953125 0.1578125 0.165625
93 0.1625 0.81171875 0.1578125 0.159375
249 0.315625 0.76640625 0.146875 0.1453125
204 0.47109375 0.71953125 0.15625 0.1625
252 0.79140625 0.65078125 0.1765625 0.1671875
207 0.63515625 0.7015625 0.159375 0.1640625
96 0.93359375 0.6078125 0.1296875 0.16875
93 0.8375 0.81171875 0.1578125 0.1640625
204 0.2234375 0.95859375 0.159375 0.0796875
249 0.528125 0.9109375 0.1515625 0.159375
96 0.390625 0.94453125 0.165625 0.1078125
207 0.95390625 0.79453125 0.0890625 0.1640625
252 0.68671875 0.89140625 0.1625 0.1640625
249 0.034375 0.246875 0.06875 0.15625
204 0.7625 0.0484375 0.146875 0.096875
93 0.3078125 0.16171875 0.1625 0.175