207 0.56328125 0.1453125 0.115625 0.13125
96 0.72109375 0.1421875 0.1375 0.1375
252 0.23984375 0.15546875 0.1390625 0.134375
93 0.08984375 0.31875 0.1375 0.1328125
204 0.56875 0.3140625 0.1203125 0.128125
249 0.728125 0.31171875 0.1234375 0.1203125
252 0.40625 0.33984375 0.125 0.1328125
96 0.89921875 0.3328125 0.125 0.1359375
207 0.246875 0.346875 0.1203125 0.1359375
93 0.08984375 0.515625 0.1234375 0.121875
249 0.565625 0.509375 0.1234375 0.128125
204 0.4078125 0.51484375 0.121875 0.1265625
96 0.25234375 0.5390625 0.1234375 0.13125
252 0.89453125 0.53046875 0.1375 0.1359375
207 0.73046875 0.534375 0.125 0.1375
93 0.08984375 0.70625 0.128125 0.1296875
249 0.25 0.70546875 0.1203125 0.1171875
204 0.41171875 0.703125 0.125 0.134375
252 0.73828125 0.72578125 0.146875 0.1328125
207 0.57421875 0.73046875 0.128125 0.1359375
96 0.90078125 0.72734375 0.125 0.1390625
93 0.73828125 0.89296875 0.1265625 0.1359375
204 0.096875 0.90390625 0.128125 0.1296875
249 0.4140625 0.903125 0.1203125 0.13125
96 0.26328125 0.925 0.1328125 0.1359375
207 0.8921875 0.91875 0.1359375 0.13125
252 0.571875 0.92734375 0.13125 0.134375
249 0.07578125 0.11484375 0.134375 0.1234375
204 0.8828125 0.1125 0.11875 0.1203125
93 0.40859375 0.121875 0.1296875 0.1453125