249 0.60703125 0.1953125 0.1828125 0.190625
93 0.16796875 0.45078125 0.1890625 0.1859375
204 0.05546875 0.5359375 0.1109375 0.18125
252 0.7609375 0.1328125 0.1921875 0.1984375
207 0.3296875 0.3875 0.1828125 0.1859375
96 0.484375 0.30078125 0.184375 0.1890625
249 0.70859375 0.3734375 0.190625 0.1890625
93 0.859375 0.2890625 0.184375 0.1859375
204 0.56796875 0.4609375 0.178125 0.1890625
96 0.43515625 0.565625 0.19375 0.1984375
252 0.2859375 0.65390625 0.184375 0.190625
207 0.146875 0.7375 0.184375 0.1921875
249 0.8125 0.55078125 0.1796875 0.1796875
204 0.52578125 0.71796875 0.1734375 0.175
93 0.6765625 0.63359375 0.1828125 0.1875
252 0.93515625 0.49453125 0.1265625 0.1984375
207 0.24609375 0.909375 0.1828125 0.178125
96 0.3953125 0.82734375 0.1796875 0.1859375
249 0.0796875 0.2734375 0.159375 0.19375
93 0.3609375 0.10625 0.1890625 0.1890625
96 0.22578125 0.20625 0.1953125 0.196875
252 0.509375 0.071875 0.190625 0.14375
207 0.6625 0.02734375 0.184375 0.0546875