249 0.74921875 0.29453125 0.1296875 0.15
93 0.240625 0.28671875 0.1421875 0.1359375
204 0.07109375 0.28359375 0.128125 0.1359375
252 0.9125 0.31953125 0.1375 0.153125
207 0.41171875 0.315625 0.1328125 0.140625
96 0.5890625 0.32109375 0.1328125 0.1453125
249 0.74375 0.4984375 0.1453125 0.1375
93 0.9171875 0.50390625 0.134375 0.140625
204 0.578125 0.5015625 0.121875 0.15
96 0.41015625 0.52265625 0.1390625 0.153125
252 0.23671875 0.52109375 0.13125 0.1484375
207 0.075 0.521875 0.1296875 0.15
249 0.74140625 0.70390625 0.134375 0.134375
204 0.41015625 0.7 0.1265625 0.1328125
93 0.58203125 0.70546875 0.1328125 0.1421875
252 0.90546875 0.73671875 0.1453125 0.146875
207 0.06875 0.72265625 0.13125 0.140625
96 0.24140625 0.7265625 0.1265625 0.1453125
249 0.2421875 0.0796875 0.1390625 0.1453125
204 0.07421875 0.07734375 0.128125 0.13125
93 0.58359375 0.09140625 0.1421875 0.140625
96 0.41640625 0.10703125 0.14375 0.1484375
252 0.740625 0.1171875 0.1421875 0.140625
207 0.9171875 0.12109375 0.134375 0.1390625