249 0.678125 0.23046875 0.1625 0.1765625
93 0.1890625 0.371875 0.171875 0.1671875
204 0.053125 0.41875 0.10625 0.165625
252 0.8421875 0.20703125 0.171875 0.1828125
207 0.36171875 0.34921875 0.1640625 0.1703125
96 0.5328125 0.303125 0.1640625 0.1734375
249 0.7328125 0.42734375 0.175 0.16875
93 0.9 0.38203125 0.165625 0.1703125
204 0.575 0.478125 0.15625 0.175
96 0.42109375 0.54765625 0.1734375 0.18125
252 0.2546875 0.596875 0.1640625 0.175
207 0.1 0.64453125 0.1625 0.178125
249 0.790625 0.625 0.1640625 0.1640625
204 0.471875 0.71796875 0.1546875 0.159375
93 0.6390625 0.67265625 0.1640625 0.171875
252 0.93359375 0.60859375 0.1296875 0.1796875
207 0.153125 0.8390625 0.1609375 0.16875
96 0.31875 0.7921875 0.159375 0.171875
249 0.13046875 0.1734375 0.1703125 0.175
204 0.025 0.22109375 0.05 0.1609375
93 0.46015625 0.08515625 0.1734375 0.1703125
96 0.3046875 0.1484375 0.175 0.1796875
252 0.61796875 0.075 0.1734375 0.15
207 0.7875 0.05078125 0.165625 0.1015625