204 0.34140625 0.275 0.1703125 0.175
93 0.1765625 0.3359375 0.1703125 0.16875
249 0.659375 0.1703125 0.175 0.165625
252 0.82578125 0.14296875 0.1703125 0.1765625
96 0.51328125 0.25703125 0.171875 0.1765625
207 0.05703125 0.42421875 0.1140625 0.1859375
204 0.5703125 0.42109375 0.171875 0.1734375
249 0.23984375 0.5375 0.1625 0.1671875
93 0.88984375 0.3140625 0.165625 0.171875
252 0.73359375 0.39609375 0.1734375 0.1828125
207 0.08828125 0.6203125 0.165625 0.165625
96 0.41796875 0.5140625 0.1828125 0.1828125