204 0.5421875 0.228125 0.178125 0.1828125
93 0.38125 0.1578125 0.178125 0.1765625
249 0.84375 0.3734375 0.18125 0.1734375
252 0.9453125 0.46953125 0.10625 0.1859375
96 0.678125 0.334375 0.1796875 0.184375
207 0.21171875 0.11640625 0.18125 0.190625
204 0.60546875 0.4921875 0.1796875 0.18125
249 0.28671875 0.34609375 0.1703125 0.1734375
93 0.909375 0.63671875 0.175 0.1796875
252 0.73984375 0.5875 0.1828125 0.1890625
207 0.1203125 0.30078125 0.1734375 0.1734375
96 0.43125 0.453125 0.190625 0.190625