251 0.2078125 0.3140625 0.14375 0.1515625
95 0.8703125 0.25703125 0.1484375 0.159375
206 0.05546875 0.3328125 0.1109375 0.159375
198 0.38671875 0.32890625 0.1609375 0.1328125
87 0.55390625 0.3140625 0.1546875 0.1234375
243 0.71640625 0.3 0.1640625 0.13125
251 0.71953125 0.4671875 0.146875 0.146875
95 0.4 0.50078125 0.1296875 0.153125
206 0.06328125 0.53125 0.1265625 0.146875
243 0.56640625 0.5109375 0.165625 0.1296875
198 0.2375 0.540625 0.165625 0.1265625
87 0.89609375 0.48828125 0.159375 0.134375
251 0.4 0.6953125 0.1421875 0.1546875
206 0.08125 0.7296875 0.134375 0.1484375
95 0.73984375 0.67265625 0.140625 0.1546875
198 0.5875 0.7125 0.1546875 0.121875
87 0.2578125 0.74375 0.1578125 0.128125
243 0.9125 0.68671875 0.1640625 0.1375
95 0.18984375 0.1125 0.153125 0.1578125
251 0.35078125 0.0984375 0.14375 0.1609375
206 0.0484375 0.12734375 0.096875 0.1734375
251 0.42265625 0.89765625 0.1375 0.15625
95 0.92421875 0.8578125 0.140625 0.1640625
206 0.26171875 0.91640625 0.1390625 0.165625
87 0.603125 0.91796875 0.1546875 0.134375
198 0.1109375 0.94921875 0.153125 0.0984375
243 0.771875 0.903125 0.15625 0.121875
87 0.6984375 0.08984375 0.1484375 0.13125
243 0.8625 0.0796875 0.1609375 0.1328125
198 0.53515625 0.109375 0.1625 0.1359375