251 0.16328125 0.41953125 0.1765625 0.18125
95 0.7703125 0.14921875 0.184375 0.190625
206 0.05 0.48984375 0.1 0.1859375
198 0.3375 0.375 0.1859375 0.171875
87 0.48984375 0.30703125 0.178125 0.1609375
243 0.6390625 0.240625 0.1890625 0.1703125
251 0.69765625 0.39765625 0.178125 0.1796875
95 0.40546875 0.53359375 0.165625 0.178125
206 0.09609375 0.67109375 0.1609375 0.1703125
243 0.565625 0.48828125 0.1890625 0.1703125
198 0.265625 0.62421875 0.1890625 0.1671875
87 0.8703125 0.36015625 0.1859375 0.171875
251 0.46953125 0.7171875 0.1765625 0.184375
206 0.178125 0.85390625 0.16875 0.175
95 0.78359375 0.58515625 0.1765625 0.184375
198 0.65234375 0.67265625 0.178125 0.159375
87 0.35078125 0.809375 0.1828125 0.1671875
243 0.9265625 0.5421875 0.14375 0.178125
95 0.0875 0.23515625 0.175 0.1921875
251 0.228125 0.16875 0.18125 0.190625
251 0.55625 0.90078125 0.175 0.184375
95 0.96328125 0.7015625 0.0703125 0.19375
206 0.41015625 0.9359375 0.1796875 0.125
87 0.73359375 0.8609375 0.18125 0.1703125
243 0.88828125 0.7921875 0.178125 0.159375
87 0.5546875 0.06640625 0.178125 0.1328125
243 0.70625 0.0359375 0.1875 0.071875
198 0.40546875 0.11953125 0.1890625 0.1734375