251 0.24453125 0.265625 0.14375 0.1515625
95 0.90703125 0.325 0.1484375 0.159375
206 0.0796875 0.25546875 0.13125 0.1578125
198 0.41875 0.31171875 0.1609375 0.1328125
87 0.58515625 0.3265625 0.1546875 0.1234375
243 0.74765625 0.340625 0.1640625 0.13125
251 0.721875 0.50625 0.146875 0.146875
95 0.40078125 0.48359375 0.1296875 0.153125
206 0.0640625 0.4546875 0.128125 0.146875
243 0.56328125 0.521875 0.165625 0.1296875
198 0.234375 0.49453125 0.165625 0.1265625
87 0.8921875 0.55703125 0.159375 0.134375
251 0.36796875 0.675 0.1421875 0.1546875
206 0.0578125 0.653125 0.115625 0.15
95 0.70625 0.71171875 0.140625 0.1546875
198 0.54921875 0.725 0.1546875 0.121875
87 0.21953125 0.6984375 0.1578125 0.128125
243 0.8734375 0.75546875 0.1640625 0.1375
95 0.26171875 0.071875 0.1546875 0.14375
251 0.42421875 0.0796875 0.1453125 0.159375
206 0.10078125 0.06875 0.1359375 0.1375
251 0.3546875 0.878125 0.1375 0.15625
95 0.85546875 0.92109375 0.1421875 0.1546875
206 0.19296875 0.86875 0.1390625 0.165625
87 0.52890625 0.92890625 0.1546875 0.134375
198 0.05703125 0.88671875 0.1140625 0.1234375
243 0.69765625 0.940625 0.1578125 0.115625
87 0.7671875 0.13046875 0.1484375 0.13125
243 0.9234375 0.1484375 0.15 0.134375
198 0.60234375 0.121875 0.1625 0.1359375