251 0.63671875 0.32265625 0.1671875 0.171875
95 0.7953125 0.38203125 0.184375 0.1921875
206 0.48203125 0.27578125 0.1640625 0.1765625
243 0.32734375 0.2453125 0.1921875 0.178125
198 0.165625 0.19296875 0.1890625 0.16875
87 0.92890625 0.478125 0.1390625 0.1625
251 0.0984375 0.34296875 0.1625 0.1734375
95 0.253125 0.40703125 0.16875 0.1828125
206 0.40078125 0.465625 0.178125 0.1921875
198 0.5671875 0.54296875 0.19375 0.1796875
243 0.87421875 0.66015625 0.190625 0.1796875
87 0.725 0.60703125 0.178125 0.1640625
251 0.05625 0.5265625 0.1125 0.178125
95 0.3453125 0.646875 0.16875 0.1796875
206 0.64765625 0.765625 0.1703125 0.1875
87 0.80703125 0.84609375 0.1921875 0.18125
198 0.18359375 0.62578125 0.18125 0.171875
243 0.48984375 0.7375 0.1890625 0.1734375
251 0.853125 0.1875 0.175 0.18125
206 0.9578125 0.24921875 0.08125 0.1921875
95 0.39921875 0.0625 0.1796875 0.125
243 0.54609375 0.11171875 0.184375 0.16875
87 0.7 0.171875 0.1796875 0.165625
198 0.24140625 0.0453125 0.1859375 0.090625