251 0.49453125 0.2765625 0.165625 0.1703125
95 0.65546875 0.22265625 0.1828125 0.190625
206 0.34453125 0.33671875 0.1625 0.175
243 0.20546875 0.41015625 0.190625 0.1765625
198 0.07109375 0.471875 0.1421875 0.16875
87 0.83515625 0.20078125 0.175 0.159375
251 0.0890625 0.63046875 0.1609375 0.171875
95 0.24921875 0.5828125 0.1671875 0.1828125
206 0.4015625 0.5359375 0.1765625 0.190625
198 0.5796875 0.490625 0.19375 0.1765625
243 0.89140625 0.3890625 0.1890625 0.178125
87 0.74140625 0.44140625 0.1765625 0.1625
251 0.15 0.81796875 0.165625 0.175
95 0.471875 0.7109375 0.1671875 0.178125
206 0.78203125 0.61328125 0.16875 0.1859375
87 0.92890625 0.5765625 0.1390625 0.18125
198 0.33359375 0.796875 0.1796875 0.1703125
243 0.64140625 0.690625 0.1890625 0.1703125
251 0.578125 0.06328125 0.175 0.1265625
206 0.73828125 0.03984375 0.1859375 0.0796875
95 0.125 0.196875 0.1765625 0.190625
243 0.2921875 0.16953125 0.1828125 0.1671875
87 0.44921875 0.11953125 0.1796875 0.1640625
198 0.03984375 0.278125 0.0796875 0.16875