251 0.62734375 0.315625 0.1625 0.1671875
95 0.7890625 0.3671875 0.1796875 0.1890625
206 0.4703125 0.2765625 0.1578125 0.1734375
243 0.3140625 0.2546875 0.1875 0.171875
198 0.15 0.2109375 0.184375 0.1640625
87 0.92890625 0.45546875 0.1390625 0.1578125
251 0.090625 0.3640625 0.1578125 0.1703125
95 0.2484375 0.41953125 0.1640625 0.1796875
206 0.39921875 0.47109375 0.171875 0.1875
198 0.56953125 0.5390625 0.190625 0.1734375
243 0.88203125 0.640625 0.1859375 0.1734375
87 0.7296875 0.59453125 0.1734375 0.159375
251 0.05625 0.5515625 0.1125 0.175
95 0.353125 0.6546875 0.1640625 0.175
206 0.66171875 0.7578125 0.165625 0.184375
87 0.825 0.8296875 0.1890625 0.1765625
198 0.190625 0.6421875 0.178125 0.1671875
243 0.50234375 0.7375 0.1859375 0.1671875
251 0.8359375 0.16953125 0.1703125 0.1765625
206 0.95234375 0.221875 0.0921875 0.1875
95 0.37421875 0.06484375 0.1734375 0.1296875
243 0.52578125 0.11015625 0.1796875 0.1640625
87 0.6828125 0.16171875 0.1765625 0.159375
198 0.21484375 0.05078125 0.1828125 0.1015625