206 0.4484375 0.19453125 0.178125 0.1859375
251 0.13046875 0.33984375 0.178125 0.18125
95 0.7734375 0.07734375 0.184375 0.1546875
243 0.63125 0.14296875 0.2078125 0.1921875
87 0.0453125 0.43359375 0.090625 0.1671875
198 0.31171875 0.29453125 0.19375 0.1765625
95 0.21796875 0.5265625 0.1828125 0.19375
251 0.8484375 0.2453125 0.184375 0.1890625
206 0.37421875 0.46015625 0.1828125 0.1921875
198 0.7125 0.33515625 0.2 0.1890625
243 0.54921875 0.415625 0.2 0.184375
87 0.0890625 0.62734375 0.178125 0.1796875