88 0.5921875 0.3703125 0.2046875 0.221875
245 0.36328125 0.3375 0.20625 0.2078125
244 0.80390625 0.40703125 0.209375 0.209375
200 0.140625 0.309375 0.1984375 0.2
199 0.09765625 0.56640625 0.19375 0.215625
245 0.325 0.603125 0.2203125 0.209375
200 0.5421875 0.64453125 0.203125 0.2171875
89 0.7703125 0.68125 0.1984375 0.2171875
88 0.07890625 0.81640625 0.1578125 0.2046875
244 0.27578125 0.853125 0.2140625 0.19375
89 0.41328125 0.1015625 0.1921875 0.190625
199 0.19453125 0.08515625 0.2046875 0.1703125