244 0.10546875 0.51640625 0.2109375 0.2421875
89 0.30390625 0.4296875 0.225 0.2296875
245 0.18984375 0.75625 0.2390625 0.240625
88 0.4015625 0.67578125 0.265625 0.259375
199 0.61796875 0.5890625 0.246875 0.2453125
244 0.8359375 0.503125 0.2421875 0.2328125
89 0.28515625 0.9296875 0.2484375 0.1375
200 0.5078125 0.89921875 0.221875 0.1984375
245 0.05546875 0.27890625 0.1109375 0.2328125
199 0.6296875 0.07421875 0.23125 0.1484375
200 0.20703125 0.20078125 0.234375 0.2375
88 0.43046875 0.1140625 0.2265625 0.228125