244 0.2265625 0.1875 0.259375 0.253125
89 0.43125 0.30390625 0.2359375 0.2390625
245 0.115625 0.4203125 0.23125 0.253125
88 0.3015625 0.53359375 0.2765625 0.271875
199 0.5046875 0.64765625 0.2578125 0.25625
244 0.70859375 0.76328125 0.2515625 0.2453125
89 0.05703125 0.64140625 0.1140625 0.2671875
200 0.1828125 0.76640625 0.23125 0.2375
245 0.35703125 0.04609375 0.2359375 0.0921875
199 0.91328125 0.30390625 0.1703125 0.2484375
200 0.5484375 0.1046875 0.246875 0.209375
88 0.75703125 0.20078125 0.2359375 0.2375