244 0.10859375 0.55234375 0.2171875 0.2515625
89 0.2984375 0.44765625 0.2328125 0.2375
245 0.21328125 0.78203125 0.246875 0.2484375
88 0.4171875 0.68359375 0.2734375 0.26875
199 0.625 0.578125 0.2546875 0.253125
244 0.83515625 0.47421875 0.2484375 0.2421875
89 0.32890625 0.93671875 0.2578125 0.1234375
200 0.54375 0.89609375 0.23125 0.2046875
245 0.0484375 0.32265625 0.096875 0.2390625
199 0.58828125 0.07109375 0.2390625 0.1421875
200 0.1828125 0.228125 0.2421875 0.2453125
88 0.39609375 0.1203125 0.2328125 0.234375