228 0.25390625 0.14453125 0.1328125 0.19375
158 0.08671875 0.16640625 0.1734375 0.2046875
139 0.45234375 0.15859375 0.190625 0.1640625
220 0.6328125 0.14375 0.1609375 0.14375
42 0.1 0.4265625 0.1828125 0.1703125
50 0.79609375 0.55859375 0.1453125 0.190625
228 0.26796875 0.61484375 0.1453125 0.1953125
158 0.46328125 0.59453125 0.171875 0.1984375
42 0.11953125 0.66328125 0.1625 0.1640625
220 0.66015625 0.62265625 0.15625 0.15
139 0.16015625 0.90234375 0.203125 0.175
50 0.78046875 0.0890625 0.1328125 0.178125