88 0.115625 0.33046875 0.1796875 0.1703125
245 0.32734375 0.34375 0.1734375 0.1796875
89 0.77265625 0.6015625 0.1734375 0.196875
199 0.334375 0.596875 0.1765625 0.178125
244 0.103125 0.59375 0.178125 0.171875
88 0.57109375 0.603125 0.1828125 0.1859375
245 0.31875 0.83984375 0.190625 0.18125
200 0.10703125 0.84765625 0.1671875 0.196875
89 0.33828125 0.09375 0.16875 0.1734375
244 0.11171875 0.090625 0.190625 0.1734375
199 0.5578125 0.1 0.1671875 0.16875
200 0.77109375 0.10859375 0.1734375 0.1796875