88 0.10703125 0.35078125 0.1828125 0.1734375
245 0.31953125 0.353125 0.1765625 0.1828125
89 0.77734375 0.5875 0.1765625 0.2
199 0.33984375 0.60546875 0.1796875 0.18125
244 0.10859375 0.61484375 0.18125 0.175
88 0.57578125 0.59921875 0.1859375 0.1890625
245 0.33671875 0.84921875 0.19375 0.184375
200 0.12578125 0.86796875 0.1703125 0.2
89 0.3171875 0.103125 0.171875 0.1765625
244 0.09453125 0.1125 0.1890625 0.178125
199 0.53671875 0.09765625 0.1703125 0.171875
200 0.75 0.0953125 0.1765625 0.1828125