199 0.159375 0.25546875 0.2171875 0.2234375
89 0.37734375 0.3328125 0.2375 0.253125
245 0.49921875 0.6421875 0.234375 0.234375
199 0.71484375 0.71640625 0.2359375 0.2359375
244 0.2828125 0.578125 0.228125 0.221875
89 0.090625 0.51796875 0.18125 0.2484375
200 0.0625 0.74453125 0.125 0.2390625
88 0.22734375 0.81796875 0.2421875 0.2484375
89 0.2359375 0.0609375 0.2125 0.121875
245 0.86640625 0.21953125 0.24375 0.234375
244 0.65234375 0.15078125 0.2265625 0.21875
200 0.4484375 0.09765625 0.221875 0.1953125