199 0.09296875 0.459375 0.1859375 0.2125
89 0.31015625 0.41640625 0.221875 0.2390625
245 0.5703125 0.6234375 0.221875 0.2203125
199 0.79453125 0.58046875 0.221875 0.221875
244 0.3515625 0.67578125 0.215625 0.2078125
89 0.13359375 0.73125 0.2109375 0.2359375
200 0.19453125 0.92265625 0.2234375 0.1515625
88 0.4234375 0.89609375 0.228125 0.2046875
89 0.0640625 0.2125 0.128125 0.203125
245 0.678125 0.09296875 0.23125 0.1859375
244 0.45703125 0.121875 0.2140625 0.2046875
200 0.246875 0.1671875 0.2078125 0.2046875