199 0.0921875 0.41484375 0.184375 0.1984375
89 0.3203125 0.396875 0.203125 0.225
245 0.55703125 0.6296875 0.2046875 0.203125
199 0.784375 0.6109375 0.2046875 0.2046875
244 0.33359375 0.659375 0.2 0.1921875
89 0.11171875 0.69140625 0.1921875 0.2203125
200 0.1484375 0.909375 0.20625 0.178125
88 0.38046875 0.8953125 0.2109375 0.20625
89 0.0765625 0.16328125 0.153125 0.1890625
245 0.7203125 0.0984375 0.215625 0.196875
244 0.496875 0.11953125 0.2 0.1890625
200 0.28359375 0.1421875 0.1921875 0.1890625