244 0.26640625 0.42265625 0.234375 0.23125
245 0.08828125 0.5046875 0.1765625 0.21875
89 0.76328125 0.50390625 0.2328125 0.234375
245 0.35390625 0.66171875 0.2171875 0.2203125
88 0.16875 0.7328125 0.2078125 0.21875
199 0.55859375 0.5890625 0.2359375 0.2375
200 0.25234375 0.91640625 0.2265625 0.1640625
244 0.44609375 0.884375 0.2453125 0.228125
200 0.18828125 0.20234375 0.2203125 0.2203125
199 0.3921875 0.12578125 0.2078125 0.21875
88 0.0546875 0.28203125 0.109375 0.2234375
89 0.6 0.08359375 0.21875 0.1671875