91 0.78671875 0.18671875 0.178125 0.1828125
247 0.35234375 0.38125 0.1828125 0.1921875
202 0.11171875 0.37109375 0.184375 0.1546875
201 0.1125 0.575 0.18125 0.1984375
91 0.32734375 0.621875 0.1734375 0.1703125
247 0.55625 0.6421875 0.1609375 0.1890625
202 0.8015625 0.6609375 0.1953125 0.1640625
90 0.09140625 0.79453125 0.1640625 0.1890625
246 0.2921875 0.809375 0.178125 0.190625
246 0.56640625 0.12578125 0.18125 0.1890625
90 0.3640625 0.1125 0.1734375 0.1890625
201 0.1328125 0.09765625 0.184375 0.184375