91 0.6828125 0.11640625 0.2 0.2046875
247 0.32421875 0.4296875 0.2078125 0.215625
202 0.096875 0.48984375 0.19375 0.1796875
201 0.1515625 0.684375 0.20625 0.2203125
91 0.3703125 0.6671875 0.1953125 0.190625
247 0.59609375 0.61953125 0.1859375 0.2078125
202 0.83515625 0.56640625 0.2140625 0.1890625
90 0.196875 0.89765625 0.190625 0.2015625
246 0.39140625 0.85703125 0.203125 0.2125
246 0.45390625 0.12265625 0.2046875 0.2109375
90 0.25703125 0.16875 0.196875 0.2109375
201 0.06796875 0.2234375 0.1359375 0.209375