91 0.74609375 0.15390625 0.175 0.1796875
247 0.3390625 0.40078125 0.1796875 0.190625
202 0.09921875 0.41953125 0.1828125 0.1515625
201 0.12421875 0.62109375 0.178125 0.1953125
91 0.34296875 0.6421875 0.171875 0.1671875
247 0.5734375 0.634375 0.1578125 0.1859375
202 0.81875 0.6234375 0.1921875 0.1609375
90 0.13046875 0.8421875 0.1609375 0.1859375
246 0.33125 0.8328125 0.175 0.1875
246 0.5203125 0.1203125 0.178125 0.1859375
90 0.31796875 0.13203125 0.1703125 0.1875
201 0.0890625 0.14609375 0.178125 0.1828125