202 0.05703125 0.32734375 0.1140625 0.2171875
91 0.25859375 0.22578125 0.2171875 0.2125
201 0.09921875 0.50234375 0.1984375 0.2296875
247 0.31484375 0.46484375 0.234375 0.225
201 0.6390625 0.55703125 0.2265625 0.2375
90 0.42578125 0.64765625 0.240625 0.2484375
247 0.87265625 0.51328125 0.2328125 0.2265625
202 0.2015625 0.7875 0.2296875 0.2359375
246 0.2703125 0.92734375 0.228125 0.1421875
91 0.50859375 0.90859375 0.2203125 0.1796875
90 0.69296875 0.05625 0.2359375 0.1125
246 0.4765625 0.10078125 0.2375 0.2015625