202 0.12734375 0.134375 0.1671875 0.1765625
91 0.396875 0.14921875 0.178125 0.1703125
201 0.12265625 0.3265625 0.1796875 0.1859375
247 0.346875 0.38984375 0.19375 0.178125
201 0.60234375 0.61015625 0.178125 0.196875
90 0.3703125 0.60234375 0.190625 0.2046875
247 0.83203125 0.66953125 0.1921875 0.1796875
202 0.1078125 0.634375 0.1828125 0.19375
246 0.0921875 0.8296875 0.1828125 0.1859375
91 0.325 0.89296875 0.1765625 0.178125
90 0.88828125 0.12265625 0.1875 0.190625
246 0.65546875 0.11171875 0.190625 0.1921875