202 0.12109375 0.14140625 0.165625 0.1734375
91 0.390625 0.1515625 0.175 0.1671875
201 0.11953125 0.33359375 0.1765625 0.1828125
247 0.3453125 0.3921875 0.190625 0.175
201 0.60390625 0.60859375 0.175 0.19375
90 0.371875 0.6046875 0.1875 0.2015625
247 0.83515625 0.66328125 0.1890625 0.1765625
202 0.11015625 0.64140625 0.1796875 0.190625
246 0.0984375 0.83671875 0.1796875 0.1828125
91 0.33203125 0.89609375 0.1734375 0.175
90 0.88125 0.11640625 0.184375 0.1875
246 0.64921875 0.10859375 0.1875 0.1890625