91 0.77890625 0.134375 0.1671875 0.1859375
202 0.08515625 0.17109375 0.1671875 0.175
246 0.32734375 0.33671875 0.1765625 0.184375
247 0.09609375 0.3953125 0.171875 0.1671875
246 0.7890625 0.5734375 0.175 0.178125
201 0.31796875 0.596875 0.171875 0.203125
90 0.10234375 0.6046875 0.175 0.18125
247 0.54609375 0.6265625 0.1734375 0.159375
202 0.3484375 0.86328125 0.1625 0.1765625
91 0.1109375 0.8765625 0.1625 0.1703125
201 0.3328125 0.10859375 0.1703125 0.190625
90 0.5671875 0.10703125 0.1609375 0.1921875