91 0.90078125 0.30078125 0.1953125 0.2328125
202 0.2796875 0.06484375 0.21875 0.1296875
246 0.4203125 0.27578125 0.23125 0.234375
247 0.1875 0.2234375 0.21875 0.2171875
246 0.7234375 0.696875 0.2265625 0.228125
201 0.29375 0.50390625 0.2328125 0.2484375
90 0.10703125 0.41328125 0.2140625 0.2328125
247 0.48359375 0.63359375 0.2171875 0.209375
202 0.2 0.7546875 0.2140625 0.221875
91 0.04453125 0.659375 0.0890625 0.21875
201 0.5296875 0.09765625 0.228125 0.1953125
90 0.7390625 0.18046875 0.21875 0.234375