202 0.68359375 0.19375 0.1875 0.1984375
91 0.9078125 0.28125 0.18125 0.203125
201 0.42421875 0.31640625 0.2234375 0.228125
247 0.1640625 0.278125 0.209375 0.2078125
246 0.803125 0.70390625 0.225 0.2375
90 0.11015625 0.4828125 0.2078125 0.234375
202 0.31015625 0.58828125 0.2109375 0.2140625
91 0.55078125 0.66796875 0.2328125 0.2328125
201 0.07578125 0.7171875 0.1515625 0.228125
247 0.23828125 0.82265625 0.2171875 0.2140625
246 0.4703125 0.0953125 0.209375 0.190625
90 0.26484375 0.06796875 0.2265625 0.1359375