202 0.6390625 0.17109375 0.1703125 0.1828125
91 0.88828125 0.22421875 0.1953125 0.1828125
201 0.39921875 0.328125 0.20625 0.209375
247 0.1359375 0.32734375 0.19375 0.190625
246 0.82890625 0.659375 0.2046875 0.2203125
90 0.11171875 0.53671875 0.1875 0.21875
202 0.32421875 0.61328125 0.1921875 0.196875
91 0.5734375 0.65859375 0.2140625 0.2140625
201 0.0890625 0.77890625 0.178125 0.2109375
247 0.2859375 0.85546875 0.2015625 0.196875
246 0.41328125 0.0953125 0.1921875 0.190625
90 0.20078125 0.0828125 0.2078125 0.165625