202 0.47421875 0.14453125 0.1859375 0.196875
91 0.72109375 0.08984375 0.2109375 0.1796875
201 0.33203125 0.39296875 0.221875 0.225
247 0.1015625 0.51171875 0.203125 0.2078125
246 0.865625 0.49296875 0.2234375 0.2359375
90 0.17109375 0.709375 0.20625 0.2328125
202 0.3953125 0.68046875 0.2078125 0.2125
91 0.6375 0.60859375 0.2296875 0.2296875
201 0.24921875 0.91328125 0.2203125 0.1703125
247 0.47109375 0.903125 0.2171875 0.190625
246 0.23515625 0.1734375 0.20625 0.215625
90 0.071875 0.24296875 0.14375 0.2296875