91 0.35078125 0.12578125 0.171875 0.1796875
247 0.8015625 0.16328125 0.1953125 0.16875
201 0.37890625 0.315625 0.1703125 0.1953125
202 0.1203125 0.3296875 0.171875 0.1703125
90 0.5890625 0.559375 0.1859375 0.1921875
201 0.79921875 0.5765625 0.1953125 0.1921875
91 0.11171875 0.56953125 0.18125 0.1578125
202 0.34609375 0.5890625 0.1546875 0.1625
246 0.0921875 0.7546875 0.1609375 0.184375
247 0.29921875 0.8046875 0.1734375 0.1828125
90 0.14765625 0.08125 0.1734375 0.1625
201 0.58515625 0.10546875 0.1703125 0.1921875