139 0.0796875 0.303125 0.159375 0.2125
50 0.5640625 0.28984375 0.184375 0.209375
228 0.08359375 0.49140625 0.1671875 0.2046875
158 0.40703125 0.36015625 0.221875 0.2265625
220 0.2609375 0.45703125 0.178125 0.175
42 0.759375 0.2578125 0.2046875 0.2
228 0.16953125 0.70390625 0.18125 0.2203125
158 0.678125 0.50859375 0.2203125 0.2359375
220 0.5328125 0.60078125 0.1765625 0.1765625
139 0.3734375 0.6671875 0.2125 0.19375
42 0.8703125 0.47578125 0.2015625 0.2046875
50 0.25703125 0.90390625 0.1859375 0.1890625