91 0.11171875 0.14921875 0.1640625 0.15625
247 0.33046875 0.15234375 0.15625 0.1484375
201 0.1265625 0.32578125 0.153125 0.184375
202 0.33203125 0.365625 0.153125 0.1546875
90 0.5671875 0.5453125 0.1671875 0.1859375
201 0.36484375 0.55390625 0.1484375 0.1796875
91 0.1328125 0.6 0.165625 0.1578125
202 0.78046875 0.58359375 0.14375 0.1546875
246 0.36015625 0.76171875 0.1625 0.171875
247 0.13203125 0.81484375 0.1765625 0.1515625
246 0.56328125 0.08984375 0.15625 0.175
90 0.778125 0.09375 0.15 0.175