248 0.29140625 0.41328125 0.2796875 0.2640625
92 0.1109375 0.52265625 0.221875 0.2515625
92 0.846875 0.40234375 0.2765625 0.271875
203 0.63203125 0.51171875 0.2796875 0.2703125
248 0.41484375 0.62734375 0.2890625 0.275
203 0.2 0.7390625 0.271875 0.2546875
248 0.3 0.90234375 0.278125 0.1921875
92 0.5203125 0.83671875 0.2765625 0.265625
248 0.41796875 0.11875 0.2765625 0.2375
92 0.20625 0.21796875 0.275 0.265625
203 0.63828125 0.07265625 0.2890625 0.1453125
203 0.06796875 0.334375 0.1359375 0.278125