248 0.359375 0.3234375 0.2265625 0.190625
92 0.13203125 0.3203125 0.2046875 0.1859375
92 0.8515625 0.5828125 0.215625 0.20625
203 0.61015625 0.57421875 0.221875 0.2015625
248 0.3640625 0.5703125 0.2328125 0.2015625
203 0.121875 0.56328125 0.2203125 0.1828125
248 0.1109375 0.790625 0.215625 0.20625
92 0.35390625 0.8046875 0.2203125 0.1953125
248 0.61796875 0.1171875 0.225 0.1828125
92 0.3796875 0.1109375 0.2171875 0.1984375
203 0.8609375 0.134375 0.2296875 0.2046875
203 0.13515625 0.10859375 0.228125 0.2046875