248 0.31328125 0.371875 0.2609375 0.234375
92 0.1078125 0.43671875 0.215625 0.2265625
92 0.86015625 0.4765625 0.253125 0.2453125
203 0.6265625 0.5390625 0.2578125 0.24375
248 0.390625 0.60703125 0.26875 0.2453125
203 0.15703125 0.67109375 0.253125 0.225
248 0.21328125 0.88359375 0.2546875 0.2296875
92 0.44921875 0.83359375 0.25625 0.2375
248 0.50078125 0.10703125 0.2578125 0.2140625
92 0.27109375 0.16328125 0.253125 0.2390625
203 0.73828125 0.08515625 0.2671875 0.1703125
203 0.08515625 0.23359375 0.1703125 0.2484375