248 0.109375 0.47578125 0.21875 0.2515625
92 0.30859375 0.39296875 0.275 0.271875
248 0.17109375 0.69140625 0.26875 0.24375
92 0.39765625 0.60625 0.2703125 0.2765625
203 0.84296875 0.43203125 0.271875 0.2578125
203 0.61875 0.5265625 0.2671875 0.2609375
92 0.26640625 0.88828125 0.2484375 0.2203125
248 0.48671875 0.825 0.2796875 0.2625
203 0.2328125 0.18125 0.275 0.2546875
203 0.07421875 0.26953125 0.1484375 0.2421875
92 0.45390625 0.109375 0.2640625 0.21875
248 0.6703125 0.06953125 0.265625 0.1390625