248 0.234375 0.17890625 0.271875 0.25625
92 0.44765625 0.28671875 0.2796875 0.278125
248 0.13671875 0.38984375 0.2734375 0.2515625
92 0.353125 0.49765625 0.2765625 0.28125
203 0.78359375 0.7046875 0.2765625 0.265625
203 0.56171875 0.6046875 0.271875 0.2671875
92 0.08828125 0.6 0.1765625 0.24375
248 0.253125 0.71171875 0.284375 0.26875
203 0.5515625 0.109375 0.28125 0.21875
203 0.34140625 0.05703125 0.2640625 0.1140625
92 0.7640625 0.190625 0.2671875 0.25
248 0.9171875 0.29296875 0.1625 0.2546875