203 0.3765625 0.3234375 0.221875 0.196875
92 0.1328125 0.321875 0.221875 0.2109375
248 0.3578125 0.56328125 0.2203125 0.1890625
92 0.12265625 0.5546875 0.2234375 0.2046875
92 0.59609375 0.575 0.221875 0.196875
203 0.83828125 0.58359375 0.228125 0.2015625
203 0.12265625 0.7921875 0.228125 0.2015625
248 0.36484375 0.8015625 0.2328125 0.1984375
203 0.384375 0.103125 0.221875 0.196875
248 0.859375 0.12265625 0.234375 0.203125
92 0.1375 0.096875 0.2140625 0.178125
248 0.61953125 0.11640625 0.215625 0.1859375