228 0.5484375 0.12578125 0.15 0.203125
139 0.37109375 0.12578125 0.215625 0.1859375
220 0.184375 0.09609375 0.1828125 0.1890625
42 0.14609375 0.3203125 0.190625 0.1796875
158 0.61796875 0.6234375 0.2234375 0.234375
228 0.08359375 0.5265625 0.1640625 0.2078125
50 0.425 0.59375 0.1609375 0.2125
220 0.80234375 0.7125 0.1703125 0.1734375
42 0.2546875 0.60703125 0.1765625 0.18125
139 0.09296875 0.8109375 0.1859375 0.190625
50 0.91328125 0.1921875 0.1453125 0.196875
158 0.7375 0.1609375 0.203125 0.2234375