228 0.6 0.1359375 0.1703125 0.2109375
139 0.425 0.11171875 0.2296875 0.20625
220 0.24453125 0.0796875 0.2015625 0.159375
42 0.17421875 0.27265625 0.20625 0.196875
158 0.59921875 0.63828125 0.24375 0.253125
228 0.08828125 0.46796875 0.1765625 0.2203125
50 0.41328125 0.58203125 0.1828125 0.2234375
220 0.7703125 0.75234375 0.184375 0.1875
42 0.2421875 0.571875 0.1921875 0.1953125
139 0.0765625 0.74765625 0.153125 0.2109375
50 0.934375 0.25234375 0.128125 0.2078125
158 0.7828125 0.19765625 0.2234375 0.2390625