134 0.30546875 0.2625 0.1765625 0.1703125
60 0.4453125 0.2984375 0.146875 0.1625
60 0.5859375 0.33359375 0.14375 0.159375
112 0.73046875 0.36796875 0.14375 0.1625
112 0.13046875 0.23203125 0.1421875 0.1609375
134 0.90234375 0.41328125 0.1890625 0.184375
112 0.08203125 0.434375 0.15625 0.178125
60 0.8640625 0.61640625 0.1421875 0.165625
60 0.22734375 0.471875 0.140625 0.1609375
112 0.36875 0.50390625 0.1484375 0.1625
134 0.5421875 0.54609375 0.1765625 0.165625
134 0.71484375 0.5890625 0.19375 0.1828125
126 0.41484375 0.753125 0.1671875 0.1421875
104 0.1453125 0.69296875 0.1328125 0.140625
52 0.26953125 0.721875 0.1296875 0.13125
126 0.57109375 0.79140625 0.18125 0.1515625
104 0.71328125 0.825 0.128125 0.125
52 0.04609375 0.66953125 0.0921875 0.1203125
60 0.784375 0.15 0.1453125 0.1640625
60 0.16796875 0.05 0.1546875 0.1
134 0.925 0.1921875 0.146875 0.184375
112 0.3125 0.06640625 0.15625 0.1328125
112 0.46171875 0.0828125 0.15 0.159375
134 0.63359375 0.12421875 0.1890625 0.1953125