134 0.29296875 0.2734375 0.171875 0.1640625
60 0.43515625 0.3015625 0.140625 0.1578125
60 0.5765625 0.3296875 0.1375 0.15625
112 0.72265625 0.35625 0.1390625 0.1578125
112 0.1171875 0.2515625 0.1359375 0.15625
134 0.89765625 0.3921875 0.1828125 0.178125
112 0.0796875 0.45625 0.15 0.1734375
60 0.8703125 0.596875 0.1359375 0.1609375
60 0.2265625 0.4859375 0.134375 0.15625
112 0.36953125 0.5109375 0.1421875 0.1578125
134 0.54453125 0.54375 0.1703125 0.159375
134 0.71953125 0.57734375 0.1875 0.175
126 0.428125 0.75703125 0.1625 0.1359375
104 0.15546875 0.71171875 0.128125 0.1359375
52 0.28125 0.73359375 0.125 0.1265625
126 0.58671875 0.7875 0.1765625 0.14375
104 0.73046875 0.81328125 0.1234375 0.1203125
52 0.05 0.69453125 0.1 0.1140625
60 0.765625 0.1359375 0.1390625 0.159375
60 0.14296875 0.0578125 0.1484375 0.115625
134 0.91796875 0.16953125 0.1609375 0.1765625
112 0.2875 0.0703125 0.15 0.140625
112 0.43984375 0.0859375 0.1453125 0.1546875
134 0.61328125 0.11796875 0.1828125 0.1890625