134 0.3734375 0.2203125 0.1984375 0.19375
60 0.5 0.290625 0.1703125 0.178125
60 0.62578125 0.36171875 0.1671875 0.175
112 0.75625 0.43203125 0.16875 0.178125
112 0.2125 0.1453125 0.165625 0.1765625
134 0.9015625 0.52109375 0.19375 0.2109375
112 0.11328125 0.328125 0.1828125 0.1953125
60 0.821875 0.70625 0.1671875 0.1796875
60 0.24453125 0.40234375 0.1640625 0.175
112 0.37265625 0.4703125 0.171875 0.1796875
134 0.52890625 0.55546875 0.1953125 0.190625
134 0.68515625 0.64140625 0.215625 0.209375
126 0.35234375 0.72265625 0.18125 0.1671875
104 0.10703125 0.59453125 0.1515625 0.15625
52 0.21953125 0.6546875 0.146875 0.146875
126 0.49375 0.8 0.1953125 0.1796875
104 0.621875 0.86953125 0.1421875 0.140625
52 0.03515625 0.53984375 0.0703125 0.1390625
60 0.86484375 0.2359375 0.16875 0.1796875
60 0.30625 0.01953125 0.18125 0.0390625
134 0.95234375 0.3203125 0.0921875 0.2125
112 0.4359375 0.05390625 0.18125 0.1078125
112 0.57109375 0.08828125 0.1734375 0.1765625
134 0.72578125 0.171875 0.215625 0.21875