52 0.63125 0.26640625 0.1375 0.1375
104 0.76015625 0.3078125 0.15625 0.1515625
104 0.315625 0.18125 0.159375 0.1484375
126 0.4828125 0.2328125 0.1953125 0.1640625
52 0.18046875 0.15078125 0.1671875 0.178125
126 0.9125 0.3671875 0.171875 0.16875
52 0.43203125 0.45546875 0.1453125 0.153125
104 0.121875 0.36796875 0.1765625 0.1703125
126 0.28671875 0.41796875 0.190625 0.171875
126 0.58671875 0.50703125 0.1984375 0.1703125
104 0.73515625 0.55078125 0.1546875 0.146875
52 0.86953125 0.59140625 0.15 0.1484375