136 0.29140625 0.15703125 0.184375 0.1859375
62 0.47578125 0.1578125 0.146875 0.178125
111 0.24296875 0.36015625 0.1546875 0.1625
114 0.0734375 0.41328125 0.1453125 0.1875
59 0.2890625 0.60234375 0.1296875 0.175
111 0.46796875 0.59375 0.1546875 0.19375
133 0.11015625 0.6140625 0.18125 0.1578125
136 0.6703125 0.621875 0.1984375 0.1828125
114 0.096875 0.89140625 0.146875 0.1875
62 0.2703125 0.89140625 0.1453125 0.1828125
59 0.64296875 0.1 0.1390625 0.16875
133 0.08828125 0.13828125 0.1765625 0.1765625