136 0.42109375 0.10859375 0.2203125 0.2171875
62 0.59453125 0.1703125 0.1828125 0.2046875
111 0.30625 0.28046875 0.1859375 0.1921875
114 0.12890625 0.27265625 0.1828125 0.2125
59 0.26640625 0.52421875 0.1640625 0.196875
111 0.43828125 0.57734375 0.19375 0.2203125
133 0.1 0.47421875 0.2 0.1953125
136 0.61875 0.67265625 0.2328125 0.221875
114 0.040625 0.7296875 0.08125 0.215625
62 0.15 0.7890625 0.18125 0.2078125
59 0.771875 0.17265625 0.1734375 0.19375
133 0.23203125 0.06171875 0.2171875 0.1234375