114 0.39921875 0.13359375 0.1625 0.1734375
62 0.234375 0.16640625 0.159375 0.175
111 0.07578125 0.37890625 0.1515625 0.1828125
59 0.23515625 0.3515625 0.159375 0.1703125
133 0.4328125 0.32265625 0.221875 0.203125
59 0.325 0.5796875 0.1625 0.1828125
133 0.5109375 0.55078125 0.209375 0.196875
136 0.14609375 0.65390625 0.2078125 0.203125
62 0.68828125 0.55234375 0.15625 0.190625
111 0.165625 0.86015625 0.1703125 0.19375
114 0.3453125 0.8625 0.1859375 0.19375
136 0.0796875 0.19609375 0.159375 0.2015625