114 0.36796875 0.14375 0.1734375 0.18125
62 0.20625 0.190625 0.16875 0.1828125
111 0.07421875 0.41640625 0.1484375 0.1921875
59 0.22265625 0.37578125 0.1703125 0.178125
133 0.41796875 0.3296875 0.2328125 0.215625
59 0.3328125 0.59453125 0.1734375 0.1921875
133 0.51484375 0.54921875 0.2203125 0.209375
136 0.1609375 0.684375 0.21875 0.2140625
62 0.6921875 0.5359375 0.16875 0.1984375
111 0.1984375 0.88828125 0.1828125 0.203125
114 0.37734375 0.875 0.196875 0.203125
136 0.0703125 0.23515625 0.140625 0.2140625