136 0.259375 0.0703125 0.234375 0.140625
133 0.20234375 0.21015625 0.2390625 0.221875
114 0.3640625 0.309375 0.190625 0.215625
62 0.53828125 0.38984375 0.2171875 0.2171875
59 0.08359375 0.44375 0.1671875 0.19375
126 0.25703125 0.52265625 0.23125 0.2
59 0.459375 0.06796875 0.178125 0.1359375
133 0.2203125 0.75546875 0.2359375 0.2296875
111 0.06484375 0.68359375 0.1296875 0.2265625
114 0.56640625 0.90546875 0.2078125 0.1859375
62 0.3796875 0.86640625 0.184375 0.2046875
111 0.6203125 0.1140625 0.203125 0.209375