136 0.0796875 0.20703125 0.159375 0.2109375
133 0.10390625 0.3984375 0.2078125 0.196875
114 0.28671875 0.40234375 0.1671875 0.2
62 0.478125 0.3859375 0.1953125 0.196875
59 0.10546875 0.66171875 0.1578125 0.1765625
126 0.3015625 0.64140625 0.215625 0.175
59 0.234375 0.121875 0.15625 0.178125
133 0.38515625 0.86171875 0.2140625 0.20625
111 0.17578125 0.896875 0.1984375 0.203125
114 0.76796875 0.83359375 0.1828125 0.203125
62 0.57890625 0.87734375 0.1625 0.1890625
111 0.41171875 0.10546875 0.18125 0.1921875