62 0.33515625 0.11171875 0.1609375 0.1875
111 0.53359375 0.34609375 0.1609375 0.16875
114 0.13984375 0.31171875 0.1609375 0.1890625
136 0.33671875 0.35703125 0.209375 0.1984375
59 0.0984375 0.51015625 0.1671875 0.175
133 0.459375 0.58828125 0.221875 0.2015625
114 0.25 0.575 0.165625 0.190625
62 0.6265625 0.6578125 0.1546875 0.1875
111 0.2671875 0.78125 0.1578125 0.1875
136 0.09140625 0.78671875 0.1828125 0.1984375
59 0.17734375 0.06796875 0.1671875 0.1359375
133 0.53359375 0.1171875 0.1984375 0.184375