59 0.0359375 0.2890625 0.071875 0.184375
126 0.165625 0.23984375 0.215625 0.190625
133 0.6078125 0.31015625 0.2484375 0.253125
111 0.4078125 0.384375 0.1859375 0.2046875
114 0.24609375 0.48515625 0.1953125 0.2171875
62 0.09609375 0.54609375 0.1921875 0.2265625
133 0.33515625 0.6828125 0.21875 0.215625
62 0.15234375 0.78515625 0.178125 0.2
111 0.4 0.90078125 0.19375 0.1953125
59 0.77421875 0.76953125 0.1875 0.2109375
136 0.609375 0.86328125 0.2171875 0.209375
114 0.24453125 0.9453125 0.2046875 0.10625