62 0.1859375 0.078125 0.16875 0.15625
59 0.31796875 0.28828125 0.1578125 0.1796875
133 0.50625 0.34296875 0.2203125 0.2234375
111 0.15234375 0.2515625 0.1671875 0.1703125
136 0.70546875 0.42734375 0.2078125 0.2296875
114 0.86875 0.484375 0.175 0.175
133 0.26875 0.52890625 0.2125 0.2234375
111 0.446875 0.57734375 0.171875 0.1765625
136 0.628125 0.66953125 0.215625 0.2046875
62 0.07734375 0.52734375 0.1546875 0.1953125
59 0.20078125 0.7453125 0.165625 0.178125
114 0.05703125 0.75078125 0.1140625 0.2078125