59 0.32890625 0.08671875 0.1578125 0.1734375
111 0.15703125 0.0734375 0.1609375 0.146875
126 0.5109375 0.12109375 0.184375 0.1453125
133 0.33359375 0.30859375 0.203125 0.1890625
62 0.50390625 0.36875 0.1515625 0.2015625
114 0.13515625 0.3140625 0.171875 0.1921875
111 0.07578125 0.496875 0.1515625 0.178125
133 0.2703125 0.5421875 0.2078125 0.2015625
114 0.4453125 0.60390625 0.153125 0.196875
136 0.63671875 0.64296875 0.2046875 0.1984375
59 0.05390625 0.72265625 0.1078125 0.1765625
62 0.18125 0.78359375 0.159375 0.1984375