136 0.4484375 0.1015625 0.234375 0.203125
114 0.26015625 0.0609375 0.2046875 0.121875
133 0.36953125 0.26875 0.2234375 0.228125
62 0.17890625 0.22890625 0.1828125 0.1953125
111 0.8046875 0.68984375 0.1765625 0.20625
59 0.26640625 0.47734375 0.1625 0.178125
133 0.4453125 0.55234375 0.225 0.221875
136 0.6171875 0.65625 0.2421875 0.24375
114 0.0921875 0.45078125 0.184375 0.2015625
62 0.0515625 0.653125 0.103125 0.209375
59 0.6375 0.13046875 0.1703125 0.1921875
111 0.77734375 0.18984375 0.18125 0.1921875