127 0.2484375 0.1796875 0.221875 0.178125
105 0.07734375 0.22734375 0.1546875 0.1828125
135 0.27734375 0.38203125 0.21875 0.2296875
113 0.08203125 0.42734375 0.1640625 0.2171875
53 0.48359375 0.36328125 0.1953125 0.20625
61 0.67421875 0.54453125 0.1609375 0.19375
135 0.50078125 0.5890625 0.2046875 0.21875
53 0.3296875 0.66015625 0.19375 0.171875
105 0.1515625 0.70234375 0.2 0.18125
113 0.18125 0.89921875 0.16875 0.1984375
127 0.4046875 0.8875 0.2484375 0.2171875
61 0.4125 0.10234375 0.159375 0.19375