127 0.50703125 0.10078125 0.2421875 0.2015625
105 0.32421875 0.05703125 0.2234375 0.1140625
135 0.4015625 0.26796875 0.2515625 0.2578125
113 0.2140625 0.1734375 0.2171875 0.234375
53 0.5734375 0.3828125 0.2234375 0.2296875
61 0.60703125 0.64375 0.1921875 0.2109375
135 0.44453125 0.56953125 0.2359375 0.24375
53 0.2671875 0.5171875 0.2125 0.2015625
105 0.10703125 0.4390625 0.2140625 0.2125
113 0.05078125 0.61171875 0.1015625 0.2203125
127 0.18203125 0.74140625 0.271875 0.2546875
61 0.68203125 0.1359375 0.190625 0.2109375