127 0.58828125 0.115625 0.221875 0.1921875
105 0.06640625 0.22734375 0.1328125 0.1890625
53 0.08203125 0.453125 0.1640625 0.18125
61 0.10234375 0.65234375 0.1484375 0.1984375
135 0.6828125 0.7671875 0.2046875 0.2234375
113 0.15 0.87421875 0.165625 0.196875
127 0.89296875 0.75703125 0.2109375 0.1921875
105 0.33984375 0.87109375 0.196875 0.184375
53 0.509375 0.84140625 0.15625 0.15625
135 0.2203125 0.15390625 0.1890625 0.2078125
61 0.38203125 0.12265625 0.1515625 0.1859375
113 0.75859375 0.0734375 0.1578125 0.146875