127 0.73671875 0.18515625 0.2265625 0.196875
105 0.1921875 0.08046875 0.1875 0.1609375
53 0.13125 0.284375 0.1796875 0.1828125
61 0.0765625 0.478125 0.153125 0.203125
135 0.55859375 0.81796875 0.2109375 0.228125
113 0.05703125 0.7 0.1140625 0.203125
127 0.75703125 0.8953125 0.21875 0.1953125
105 0.20234375 0.7734375 0.2 0.1890625
53 0.36953125 0.815625 0.1609375 0.1609375
135 0.38515625 0.08828125 0.1953125 0.1765625
61 0.54609375 0.10703125 0.15625 0.1890625
113 0.91875 0.19453125 0.1609375 0.19375