50 0.925 0.23203125 0.146875 0.2171875
139 0.41328125 0.1171875 0.21875 0.2078125
220 0.5828125 0.17109375 0.178125 0.18125
42 0.1671875 0.29140625 0.196875 0.1828125
50 0.25703125 0.521875 0.1609375 0.2078125
158 0.6125 0.63203125 0.2140625 0.2296875
220 0.09609375 0.5125 0.1859375 0.196875
42 0.421875 0.62421875 0.1875 0.18125
139 0.79921875 0.7328125 0.2171875 0.1953125
228 0.06171875 0.70859375 0.1234375 0.2203125
158 0.76640625 0.178125 0.1984375 0.2296875
228 0.22265625 0.06796875 0.1953125 0.1359375