127 0.40078125 0.09765625 0.2375 0.19375
105 0.9140625 0.26484375 0.16875 0.1921875
53 0.58515625 0.16640625 0.1828125 0.1703125
135 0.178125 0.23046875 0.234375 0.2546875
135 0.2640625 0.52109375 0.2390625 0.2390625
113 0.44453125 0.58828125 0.1921875 0.2234375
127 0.83125 0.73828125 0.234375 0.1984375
105 0.62890625 0.678125 0.2265625 0.2125
53 0.0859375 0.51015625 0.171875 0.1984375
61 0.04765625 0.70234375 0.0953125 0.2234375
113 0.76328125 0.16796875 0.1765625 0.2109375
61 0.2171875 0.05234375 0.18125 0.1046875