127 0.17890625 0.23828125 0.240625 0.2015625
105 0.70859375 0.07421875 0.2234375 0.1484375
53 0.3671875 0.1828125 0.1859375 0.1765625
135 0.1015625 0.4796875 0.203125 0.2625
135 0.32421875 0.65859375 0.2453125 0.2453125
113 0.50859375 0.60390625 0.2 0.2265625
127 0.89375 0.49140625 0.209375 0.2078125
105 0.7109375 0.56484375 0.23125 0.21875
53 0.165625 0.7640625 0.1984375 0.2015625
61 0.22578125 0.92265625 0.1890625 0.1515625
113 0.5109375 0.0921875 0.184375 0.184375
61 0.03359375 0.27265625 0.0671875 0.2109375