105 0.60234375 0.1734375 0.203125 0.184375
127 0.8015625 0.22421875 0.23125 0.1890625
53 0.1359375 0.32734375 0.1921875 0.19375
113 0.8671875 0.7046875 0.171875 0.2109375
135 0.11015625 0.54453125 0.2203125 0.2265625
61 0.296875 0.584375 0.1609375 0.2015625
53 0.47109375 0.66171875 0.184375 0.1859375
127 0.66328125 0.70546875 0.23125 0.19375
105 0.07578125 0.8234375 0.1515625 0.196875
113 0.40546875 0.0984375 0.1828125 0.196875
135 0.21640625 0.0796875 0.2109375 0.159375
61 0.953125 0.21875 0.090625 0.2