105 0.61875 0.17890625 0.209375 0.190625
127 0.815625 0.240625 0.2359375 0.196875
53 0.1453125 0.30859375 0.1984375 0.2
113 0.85546875 0.72421875 0.1796875 0.215625
135 0.11171875 0.5234375 0.2234375 0.234375
61 0.2921875 0.57421875 0.1671875 0.2046875
53 0.4625 0.66015625 0.190625 0.1921875
127 0.65234375 0.7140625 0.2375 0.203125
105 0.06953125 0.79921875 0.1390625 0.2046875
113 0.42734375 0.09765625 0.1890625 0.1953125
135 0.24140625 0.07421875 0.2171875 0.1484375
61 0.95859375 0.24453125 0.0796875 0.2046875