135 0.13515625 0.11328125 0.1859375 0.2015625
61 0.9109375 0.14375 0.15625 0.1984375
105 0.346875 0.1578125 0.1921875 0.165625
127 0.55703125 0.16640625 0.196875 0.153125
53 0.11328125 0.390625 0.159375 0.1625
61 0.6828125 0.62578125 0.1328125 0.1953125
113 0.31640625 0.6203125 0.140625 0.1953125
53 0.86640625 0.67734375 0.159375 0.165625
105 0.51796875 0.665625 0.1703125 0.16875
127 0.13125 0.6578125 0.1984375 0.1609375
135 0.11484375 0.86015625 0.1875 0.2
113 0.7421875 0.1328125 0.14375 0.1890625