135 0.15625 0.10078125 0.196875 0.2015625
61 0.921875 0.165625 0.153125 0.20625
105 0.36484375 0.15 0.2 0.175
127 0.57421875 0.1703125 0.203125 0.1625
53 0.11953125 0.3703125 0.1671875 0.1703125
61 0.67578125 0.63515625 0.1421875 0.2015625
113 0.3109375 0.61015625 0.15 0.2015625
53 0.85703125 0.69609375 0.1671875 0.1734375
105 0.50859375 0.66640625 0.178125 0.1765625
127 0.1234375 0.63828125 0.20625 0.1703125
135 0.09765625 0.83984375 0.1953125 0.2109375
113 0.7609375 0.1453125 0.1515625 0.196875