105 0.95546875 0.3921875 0.0859375 0.225
127 0.33203125 0.07265625 0.2515625 0.1453125
53 0.19765625 0.21640625 0.209375 0.2046875
61 0.62421875 0.67109375 0.203125 0.2234375
113 0.46171875 0.596875 0.2046875 0.225
127 0.11796875 0.4328125 0.2359375 0.24375
105 0.76953125 0.80234375 0.2265625 0.221875
127 0.290625 0.54453125 0.2390625 0.2296875
53 0.03359375 0.63984375 0.0671875 0.2109375
135 0.69296875 0.15703125 0.275 0.2515625
113 0.8671875 0.26484375 0.2203125 0.2265625
61 0.5046875 0.0890625 0.196875 0.178125