105 0.94921875 0.3296875 0.0984375 0.215625
127 0.275 0.08203125 0.24375 0.1640625
53 0.165625 0.25546875 0.2015625 0.1953125
61 0.64375 0.6546875 0.1890625 0.21875
113 0.4734375 0.60078125 0.1921875 0.21875
127 0.11328125 0.48125 0.2265625 0.23125
105 0.80390625 0.7671875 0.2171875 0.2109375
127 0.29765625 0.56953125 0.23125 0.21875
53 0.04140625 0.70390625 0.0828125 0.2015625
135 0.65 0.1359375 0.2671875 0.2359375
113 0.8359375 0.221875 0.209375 0.21875
61 0.45234375 0.08984375 0.1828125 0.1796875