107 0.0890625 0.565625 0.178125 0.221875
54 0.35625 0.6953125 0.20625 0.21875
129 0.73203125 0.4890625 0.24375 0.246875
107 0.196875 0.78984375 0.196875 0.2109375
55 0.8953125 0.40390625 0.190625 0.20625
128 0.54453125 0.6015625 0.2359375 0.240625
106 0.3171875 0.93984375 0.215625 0.1171875
106 0.4984375 0.0828125 0.20625 0.165625
128 0.04921875 0.33984375 0.0984375 0.2296875
54 0.3453125 0.14296875 0.1859375 0.203125
55 0.65703125 0.0390625 0.1953125 0.078125
129 0.17578125 0.23671875 0.24375 0.240625