107 0.1015625 0.3375 0.14375 0.1796875
54 0.2765625 0.59375 0.1453125 0.1765625
129 0.70390625 0.61015625 0.184375 0.1890625
107 0.09140625 0.59296875 0.1375 0.171875
55 0.88828125 0.62109375 0.13125 0.1703125
128 0.4859375 0.61015625 0.1765625 0.1859375
106 0.08671875 0.8328125 0.1453125 0.1953125
106 0.728125 0.115625 0.1421875 0.1828125
128 0.140625 0.09765625 0.1703125 0.1765625
54 0.55078125 0.1140625 0.125 0.1703125
55 0.90703125 0.1265625 0.13125 0.178125
129 0.3578125 0.10703125 0.1875 0.18125