42 0.271875 0.21171875 0.1859375 0.1875
139 0.1265625 0.47421875 0.2234375 0.2015625
50 0.35078125 0.6328125 0.1765625 0.2234375
158 0.165625 0.684375 0.2109375 0.23125
228 0.19140625 0.90859375 0.1609375 0.1796875
139 0.57109375 0.88359375 0.215625 0.19375
220 0.76015625 0.84375 0.1765625 0.1578125
42 0.38125 0.9125 0.209375 0.171875
228 0.62265625 0.103125 0.1984375 0.20625
50 0.790625 0.08046875 0.171875 0.1609375
158 0.084375 0.20390625 0.16875 0.2359375
158 0.44609375 0.12578125 0.2109375 0.2125