129 0.1671875 0.2484375 0.2390625 0.2359375
54 0.08671875 0.5578125 0.1734375 0.20625
55 0.5140625 0.615625 0.1828125 0.2125
107 0.35625 0.69453125 0.196875 0.221875
54 0.67265625 0.54609375 0.1875 0.21875
106 0.190625 0.78125 0.20625 0.21875
129 0.85859375 0.45859375 0.2328125 0.2328125
128 0.31953125 0.93359375 0.2421875 0.1296875
128 0.5265625 0.0921875 0.24375 0.184375
55 0.70390625 0.04375 0.1921875 0.0875
106 0.0359375 0.3390625 0.071875 0.209375
107 0.34453125 0.15703125 0.196875 0.209375