129 0.3109375 0.128125 0.18125 0.1734375
54 0.090625 0.36484375 0.14375 0.1578125
55 0.46171875 0.61015625 0.115625 0.1796875
107 0.28515625 0.61171875 0.1296875 0.184375
54 0.63515625 0.6171875 0.1171875 0.1859375
106 0.0984375 0.6171875 0.1453125 0.171875
129 0.840625 0.6203125 0.1734375 0.175
128 0.1234375 0.8578125 0.1828125 0.171875
128 0.71328125 0.12109375 0.1859375 0.1703125
55 0.9109375 0.12109375 0.128125 0.175
106 0.096875 0.1234375 0.1390625 0.1640625
107 0.5109375 0.1234375 0.1390625 0.165625