128 0.096875 0.43828125 0.19375 0.2140625
129 0.6734375 0.56640625 0.209375 0.228125
128 0.8921875 0.52109375 0.2125 0.2265625
55 0.10703125 0.6921875 0.1609375 0.19375
106 0.28125 0.6609375 0.171875 0.1921875
107 0.46484375 0.62578125 0.171875 0.19375
54 0.16015625 0.9078125 0.1578125 0.18125
106 0.36328125 0.1328125 0.165625 0.190625
129 0.57578125 0.0984375 0.2109375 0.196875
55 0.04375 0.2140625 0.0875 0.184375
54 0.76171875 0.0765625 0.1578125 0.153125
107 0.1828125 0.17890625 0.1703125 0.2078125