128 0.09609375 0.4296875 0.1921875 0.2125
129 0.67265625 0.56875 0.20625 0.225
128 0.89296875 0.528125 0.2109375 0.225
55 0.10390625 0.68515625 0.159375 0.1921875
106 0.278125 0.65703125 0.16875 0.190625
107 0.46328125 0.625 0.16875 0.1921875
54 0.15234375 0.90546875 0.1546875 0.1859375
106 0.3703125 0.13046875 0.1625 0.1890625
129 0.58359375 0.0984375 0.2078125 0.196875
55 0.0453125 0.20546875 0.090625 0.1828125
54 0.76953125 0.078125 0.1546875 0.15625
107 0.18828125 0.1734375 0.1671875 0.20625