129 0.125 0.32734375 0.1921875 0.1953125
129 0.284375 0.58984375 0.1953125 0.203125
54 0.07890625 0.57578125 0.1421875 0.184375
107 0.478125 0.61171875 0.1484375 0.1890625
128 0.884375 0.640625 0.190625 0.1953125
106 0.6640625 0.63515625 0.15 0.184375
55 0.06796875 0.83203125 0.1359375 0.1859375
54 0.11171875 0.08828125 0.1328125 0.1765625
107 0.2859375 0.10234375 0.15625 0.1734375
106 0.4765625 0.11640625 0.1703125 0.175
55 0.88125 0.1484375 0.1359375 0.171875
128 0.69765625 0.1375 0.1875 0.1859375