129 0.16953125 0.253125 0.2234375 0.225
129 0.2703125 0.54296875 0.228125 0.234375
54 0.08046875 0.4859375 0.1609375 0.20625
107 0.45546875 0.6046875 0.18125 0.2109375
128 0.846875 0.7171875 0.221875 0.225
106 0.6328125 0.66640625 0.18125 0.2078125
55 0.04609375 0.7328125 0.0921875 0.209375
54 0.20703125 0.05703125 0.1640625 0.1140625
107 0.37421875 0.0828125 0.1859375 0.165625
106 0.55703125 0.11953125 0.1984375 0.2015625
55 0.93125 0.2359375 0.134375 0.19375
128 0.76875 0.1859375 0.2171875 0.215625