129 0.20703125 0.209375 0.2390625 0.240625
129 0.2671875 0.5109375 0.2453125 0.2484375
54 0.0875 0.4265625 0.175 0.215625
107 0.44140625 0.59765625 0.1984375 0.2203125
128 0.81328125 0.76328125 0.2375 0.2390625
106 0.60859375 0.68359375 0.1984375 0.2171875
55 0.03671875 0.6609375 0.0734375 0.21875
54 0.27734375 0.040625 0.1796875 0.08125
107 0.4359375 0.07890625 0.2 0.1578125
106 0.609375 0.13125 0.2125 0.2140625
55 0.94296875 0.30078125 0.1109375 0.2015625
128 0.81015625 0.2265625 0.23125 0.23125