109 0.709375 0.1765625 0.1640625 0.1734375
131 0.91796875 0.22734375 0.1609375 0.1796875
57 0.10859375 0.26875 0.1609375 0.165625
108 0.7140625 0.5828125 0.165625 0.1953125
130 0.11328125 0.45859375 0.1828125 0.2
52 0.87109375 0.64375 0.140625 0.1390625
109 0.27578125 0.53359375 0.165625 0.178125
131 0.49921875 0.58203125 0.1921875 0.1921875
56 0.0984375 0.67421875 0.1484375 0.178125
56 0.55078125 0.09921875 0.1390625 0.18125
108 0.38671875 0.08046875 0.1515625 0.1609375
130 0.20625 0.06328125 0.1875 0.1265625