131 0.49921875 0.134375 0.1765625 0.165625
109 0.26015625 0.16171875 0.159375 0.196875
57 0.07578125 0.403125 0.1515625 0.159375
130 0.1296875 0.58203125 0.18125 0.18125
108 0.31796875 0.56328125 0.1359375 0.1859375
104 0.91953125 0.51796875 0.1453125 0.1453125
131 0.52265625 0.5765625 0.171875 0.1703125
57 0.71484375 0.56796875 0.1578125 0.15625
56 0.171875 0.78984375 0.1421875 0.190625
56 0.7046875 0.08046875 0.13125 0.1609375
108 0.8765625 0.0765625 0.140625 0.153125
130 0.0890625 0.14609375 0.178125 0.2046875