131 0.61875 0.15390625 0.1921875 0.1828125
109 0.38359375 0.10390625 0.1796875 0.2078125
57 0.12421875 0.26796875 0.175 0.1734375
130 0.1234375 0.45703125 0.1984375 0.1984375
108 0.3078125 0.50078125 0.1546875 0.196875
104 0.89140625 0.65390625 0.159375 0.159375
131 0.496875 0.58046875 0.1875 0.1859375
57 0.68046875 0.63359375 0.171875 0.1703125
56 0.09609375 0.6671875 0.1625 0.2015625
56 0.8328125 0.1640625 0.146875 0.1828125
108 0.96015625 0.203125 0.0765625 0.203125
130 0.21875 0.06953125 0.2125 0.1390625