131 0.659375 0.17109375 0.2046875 0.196875
109 0.4328125 0.10078125 0.196875 0.2015625
57 0.15546875 0.22421875 0.1875 0.1859375
130 0.13125 0.41171875 0.2109375 0.2125
108 0.30859375 0.47734375 0.171875 0.2046875
104 0.86953125 0.7 0.1703125 0.1703125
131 0.48671875 0.57890625 0.2 0.1984375
57 0.66328125 0.6546875 0.1828125 0.1828125
56 0.084375 0.61640625 0.16875 0.2109375
56 0.87109375 0.20703125 0.1625 0.190625
108 0.971875 0.26640625 0.053125 0.2109375
130 0.278125 0.05703125 0.228125 0.1140625