126 0.81640625 0.07109375 0.1890625 0.1421875
109 0.2171875 0.225 0.184375 0.190625
131 0.06328125 0.2765625 0.1265625 0.1875
57 0.58671875 0.13046875 0.1828125 0.184375
108 0.08671875 0.44609375 0.1734375 0.2015625
108 0.33984375 0.6203125 0.1796875 0.209375
130 0.54453125 0.56796875 0.2109375 0.2203125
52 0.92265625 0.49609375 0.1515625 0.1546875
131 0.14140625 0.725 0.2015625 0.190625
109 0.74296875 0.565625 0.175 0.196875
56 0.2203125 0.8890625 0.18125 0.2125
56 0.415625 0.1296875 0.165625 0.1859375