126 0.96484375 0.38046875 0.0671875 0.1953125
109 0.47421875 0.10625 0.203125 0.2078125
131 0.29765625 0.0609375 0.2171875 0.121875
57 0.81171875 0.28359375 0.2015625 0.2015625
108 0.22734375 0.18125 0.1984375 0.2140625
108 0.3 0.48203125 0.2046875 0.2234375
130 0.4875 0.58046875 0.234375 0.240625
52 0.82109375 0.78359375 0.1765625 0.1703125
131 0.096875 0.428125 0.19375 0.2125
109 0.63671875 0.71171875 0.1984375 0.2109375
56 0.06796875 0.60234375 0.1359375 0.2265625
56 0.68515625 0.16796875 0.1859375 0.1984375