52 0.9703125 0.35859375 0.05625 0.1609375
131 0.45625 0.10234375 0.209375 0.2046875
109 0.63125 0.19140625 0.19375 0.190625
56 0.24609375 0.19609375 0.1859375 0.209375
130 0.28515625 0.46328125 0.21875 0.221875
108 0.09921875 0.37421875 0.18125 0.2
126 0.809375 0.74921875 0.2109375 0.190625
57 0.59921875 0.67109375 0.1890625 0.1859375
109 0.42109375 0.58671875 0.190625 0.1890625
56 0.0734375 0.596875 0.146875 0.209375
130 0.8703125 0.25625 0.221875 0.2171875
108 0.28828125 0.0375 0.1921875 0.075