110 0.08203125 0.49140625 0.1640625 0.2140625
132 0.15546875 0.6796875 0.25 0.2375
58 0.33671875 0.60546875 0.2171875 0.209375
110 0.50859375 0.52890625 0.2140625 0.2125
132 0.8703125 0.37109375 0.2484375 0.234375
110 0.68515625 0.45546875 0.215625 0.209375
58 0.21328125 0.86953125 0.2140625 0.21875
110 0.17421875 0.2203125 0.2265625 0.2171875
58 0.34609375 0.14453125 0.2 0.2
58 0.70703125 0.046875 0.2109375 0.09375
132 0.0546875 0.30703125 0.109375 0.2203125
132 0.5296875 0.09296875 0.24375 0.1859375