158 0.5671875 0.128125 0.19375 0.209375
50 0.19921875 0.07578125 0.1609375 0.1515625
220 0.7390625 0.203125 0.1640625 0.175
139 0.9078125 0.2421875 0.18125 0.178125
42 0.36484375 0.13125 0.19375 0.1671875
228 0.15078125 0.26953125 0.15 0.19375
228 0.459375 0.5859375 0.1453125 0.2015625
158 0.6421875 0.62421875 0.19375 0.2046875
50 0.80859375 0.66328125 0.159375 0.19375
139 0.2859375 0.5859375 0.2109375 0.1796875
220 0.103125 0.5484375 0.1703125 0.1578125
42 0.07890625 0.77578125 0.1578125 0.1796875