158 0.59921875 0.1359375 0.2046875 0.21875
50 0.2390625 0.065625 0.171875 0.13125
220 0.7640625 0.225 0.1734375 0.1828125
139 0.91640625 0.28046875 0.1640625 0.1890625
42 0.39765625 0.12109375 0.2015625 0.178125
228 0.171875 0.23984375 0.1625 0.2
228 0.45234375 0.58203125 0.1578125 0.20625
158 0.63046875 0.63671875 0.20625 0.2140625
50 0.79375 0.6890625 0.1703125 0.2015625
139 0.27890625 0.5671875 0.21875 0.1921875
220 0.10078125 0.51328125 0.178125 0.1671875
42 0.0703125 0.73671875 0.140625 0.1890625