110 0.0921875 0.43125 0.184375 0.2125
110 0.68515625 0.45625 0.2078125 0.20625
58 0.30234375 0.58125 0.190625 0.184375
58 0.1359375 0.6359375 0.2015625 0.2015625
132 0.88203125 0.3953125 0.221875 0.1984375
132 0.49609375 0.521875 0.2171875 0.196875
110 0.20546875 0.83125 0.2125 0.2046875
58 0.05234375 0.2453125 0.1046875 0.20625
132 0.196875 0.184375 0.228125 0.196875
110 0.5546875 0.08515625 0.209375 0.1703125
58 0.384375 0.12734375 0.196875 0.1921875
132 0.75390625 0.05859375 0.2359375 0.1171875