0 0.853125 0.1984375 0.153125 0.128125
161 0.0828125 0.31328125 0.165625 0.1421875
64 0.3921875 0.26796875 0.165625 0.134375
0 0.55859375 0.24609375 0.15 0.128125
146 0.240625 0.296875 0.1359375 0.1328125
146 0.7046875 0.23125 0.1375 0.1265625
63 0.61796875 0.4046875 0.1703125 0.1375
169 0.09921875 0.48125 0.1984375 0.15625
63 0.27421875 0.45625 0.1546875 0.11875
72 0.446875 0.4328125 0.165625 0.13125
154 0.76953125 0.39375 0.115625 0.11875
154 0.90390625 0.375 0.1328125 0.1234375
0 0.76875 0.56328125 0.1546875 0.1359375
146 0.62109375 0.58515625 0.109375 0.1140625
0 0.47421875 0.60625 0.153125 0.1328125
161 0.11796875 0.65625 0.1875 0.15625
146 0.91796875 0.54609375 0.1203125 0.121875
161 0.29375 0.634375 0.184375 0.140625
0 0.7015625 0.05234375 0.15625 0.1046875
63 0.9375 0.709375 0.121875 0.128125
63 0.65703125 0.7515625 0.15625 0.128125
154 0.80234375 0.73125 0.121875 0.1203125
169 0.47265625 0.78046875 0.2078125 0.146875
169 0.1375 0.82890625 0.2 0.1515625
154 0.30703125 0.80703125 0.128125 0.1359375
0 0.23515625 0.11484375 0.1484375 0.1203125
64 0.53828125 0.0734375 0.159375 0.125
146 0.846875 0.05078125 0.125 0.1015625
146 0.3828125 0.09765625 0.1234375 0.1234375
161 0.07109375 0.146875 0.1421875 0.14375
169 0.325 0.95 0.2 0.096875
72 0.92734375 0.8828125 0.1421875 0.125
63 0.64296875 0.925 0.1625 0.1265625
63 0.14453125 0.9671875 0.1578125 0.0625
154 0.4953125 0.94296875 0.13125 0.1109375
154 0.79375 0.91015625 0.121875 0.1171875