0 0.86328125 0.2109375 0.15 0.1234375
161 0.08515625 0.29765625 0.1703125 0.1359375
64 0.40078125 0.26484375 0.1625 0.1296875
0 0.5671875 0.2484375 0.146875 0.1234375
146 0.24765625 0.2875 0.1328125 0.128125
146 0.7140625 0.2390625 0.134375 0.1234375
63 0.621875 0.40859375 0.1671875 0.1328125
169 0.0984375 0.46796875 0.196875 0.1515625
63 0.27578125 0.4484375 0.153125 0.1140625
72 0.44921875 0.43046875 0.1625 0.1265625
154 0.7734375 0.403125 0.1125 0.115625
154 0.9078125 0.3890625 0.1296875 0.1203125
0 0.76640625 0.57265625 0.15 0.13125
146 0.61796875 0.5890625 0.10625 0.1109375
0 0.4703125 0.60546875 0.15 0.128125
161 0.1125 0.64296875 0.1828125 0.1515625
146 0.91640625 0.5609375 0.1171875 0.11875
161 0.28984375 0.62734375 0.1796875 0.1359375
0 0.7171875 0.0546875 0.153125 0.109375
63 0.934375 0.72578125 0.128125 0.1234375
63 0.64765625 0.75703125 0.153125 0.1234375
154 0.79375 0.74140625 0.11875 0.1171875
169 0.4625 0.7796875 0.203125 0.140625
169 0.1265625 0.815625 0.1953125 0.1453125
154 0.296875 0.8 0.125 0.1328125
0 0.24921875 0.10625 0.1453125 0.115625
64 0.553125 0.075 0.1578125 0.1203125
146 0.86171875 0.05625 0.1203125 0.1125
146 0.396875 0.09375 0.1203125 0.11875
161 0.0765625 0.13125 0.153125 0.1375
169 0.31015625 0.9484375 0.1984375 0.1
72 0.92109375 0.89765625 0.1546875 0.1203125
63 0.628125 0.9296875 0.159375 0.121875
63 0.12734375 0.96171875 0.1546875 0.0734375
154 0.4796875 0.94375 0.128125 0.109375
154 0.77890625 0.9203125 0.11875 0.1140625