0 0.7359375 0.1 0.1734375 0.1609375
161 0.06875 0.46328125 0.1375 0.1859375
64 0.32265625 0.315625 0.1875 0.171875
0 0.47265625 0.24140625 0.171875 0.1609375
146 0.18828125 0.3921875 0.1609375 0.159375
146 0.60625 0.1796875 0.1609375 0.1546875
63 0.58046875 0.37109375 0.1921875 0.175
169 0.1125 0.6140625 0.225 0.203125
63 0.27265625 0.53203125 0.171875 0.153125
72 0.428125 0.453125 0.1859375 0.1671875
154 0.7203125 0.31171875 0.1390625 0.140625
154 0.840625 0.25 0.1546875 0.15
0 0.77421875 0.47265625 0.1765625 0.1671875
146 0.6421875 0.540625 0.1328125 0.134375
0 0.51015625 0.60859375 0.175 0.165625
161 0.18984375 0.771875 0.2125 0.196875
146 0.91015625 0.4078125 0.14375 0.14375
161 0.34921875 0.69453125 0.2046875 0.1828125
0 0.5421875 0.040625 0.171875 0.08125
63 0.9546875 0.55 0.0875 0.1625
63 0.73046875 0.68671875 0.1765625 0.1609375
154 0.8609375 0.6203125 0.1453125 0.14375
169 0.565625 0.77421875 0.2265625 0.1953125
169 0.26484375 0.9140625 0.2234375 0.16875
154 0.41796875 0.853125 0.15625 0.159375
0 0.12421875 0.22265625 0.1671875 0.153125
64 0.39765625 0.08359375 0.178125 0.1609375
146 0.2578125 0.1578125 0.146875 0.146875
161 0.03125 0.31484375 0.0625 0.1859375
169 0.4875 0.95390625 0.215625 0.0890625
72 0.97265625 0.71796875 0.0515625 0.1640625
63 0.7734375 0.8546875 0.18125 0.1625
154 0.640625 0.92421875 0.1515625 0.14375
154 0.9109375 0.7921875 0.14375 0.1421875