63 0.9015625 0.2390625 0.14375 0.121875
63 0.73359375 0.2546875 0.165625 0.125
169 0.54765625 0.27890625 0.1984375 0.1390625
169 0.2125 0.30859375 0.1921875 0.1234375
154 0.0546875 0.325 0.109375 0.134375
154 0.38203125 0.2984375 0.1125 0.1234375
169 0.22734375 0.46171875 0.1984375 0.1609375
63 0.91796875 0.40625 0.1484375 0.1296875
63 0.621875 0.4375 0.1484375 0.1171875
169 0.4375 0.45546875 0.1953125 0.1359375
154 0.06796875 0.49140625 0.115625 0.1234375
154 0.76953125 0.43359375 0.1265625 0.11875
169 0.409375 0.625 0.20625 0.146875
63 0.228125 0.64296875 0.159375 0.1234375
169 0.90546875 0.584375 0.1859375 0.14375
63 0.6015625 0.61484375 0.153125 0.13125
154 0.0796875 0.66484375 0.1109375 0.13125
154 0.74765625 0.6109375 0.1125 0.1375
63 0.72265625 0.08515625 0.153125 0.1171875
63 0.88515625 0.07421875 0.1609375 0.1359375
154 0.24375 0.13359375 0.1203125 0.1234375
154 0.578125 0.10390625 0.1109375 0.11875
169 0.08359375 0.1484375 0.1671875 0.146875
169 0.40546875 0.1203125 0.2015625 0.1484375