63 0.8609375 0.1859375 0.15625 0.1390625
63 0.696875 0.22421875 0.178125 0.1453125
169 0.51640625 0.27421875 0.2125 0.1625
169 0.1890625 0.35078125 0.203125 0.146875
154 0.0484375 0.390625 0.096875 0.146875
154 0.35546875 0.3171875 0.125 0.134375
169 0.225 0.5 0.2140625 0.1828125
63 0.90078125 0.34921875 0.1625 0.146875
63 0.61171875 0.42109375 0.1609375 0.134375
169 0.43203125 0.46484375 0.2078125 0.1578125
154 0.07109375 0.5515625 0.1296875 0.1359375
154 0.7578125 0.39609375 0.1390625 0.1328125
169 0.428125 0.6359375 0.2203125 0.171875
63 0.25 0.6796875 0.171875 0.1421875
169 0.90625 0.5265625 0.184375 0.165625
63 0.6171875 0.6 0.1671875 0.1484375
154 0.10703125 0.72109375 0.125 0.1421875
154 0.76015625 0.57578125 0.128125 0.1484375
63 0.66328125 0.06328125 0.1671875 0.1265625
63 0.8234375 0.0515625 0.175 0.103125
154 0.1953125 0.17265625 0.134375 0.1375
154 0.52265625 0.096875 0.1234375 0.13125
169 0.0640625 0.2125 0.128125 0.16875
169 0.35390625 0.13671875 0.215625 0.171875