63 0.84453125 0.1671875 0.1609375 0.14375
63 0.68203125 0.21484375 0.18125 0.1515625
169 0.50390625 0.2734375 0.215625 0.1703125
169 0.18125 0.3671875 0.20625 0.1546875
154 0.046875 0.41484375 0.09375 0.1515625
154 0.34609375 0.325 0.1296875 0.1390625
169 0.22578125 0.51484375 0.2203125 0.190625
63 0.8921875 0.328125 0.165625 0.1515625
63 0.6078125 0.415625 0.1640625 0.1390625
169 0.4296875 0.46796875 0.2109375 0.165625
154 0.07421875 0.57421875 0.134375 0.1390625
154 0.7515625 0.3828125 0.1421875 0.1359375
169 0.43515625 0.63984375 0.225 0.1796875
63 0.26015625 0.6921875 0.175 0.1484375
169 0.90546875 0.50546875 0.1859375 0.1734375
63 0.621875 0.59375 0.171875 0.1546875
154 0.11875 0.74140625 0.1296875 0.146875
154 0.7640625 0.56171875 0.134375 0.1515625
63 0.63984375 0.0609375 0.1703125 0.121875
63 0.79765625 0.04453125 0.1796875 0.0890625
154 0.178125 0.1890625 0.1390625 0.140625
154 0.5015625 0.096875 0.128125 0.134375
169 0.05859375 0.23671875 0.1171875 0.1765625
169 0.33515625 0.1453125 0.2203125 0.1796875