168 0.6015625 0.25078125 0.19375 0.128125
153 0.93046875 0.284375 0.109375 0.1125
40 0.7828125 0.275 0.14375 0.1171875
171 0.24453125 0.2421875 0.184375 0.14375
230 0.4265625 0.25625 0.1453125 0.140625
156 0.0828125 0.24140625 0.1140625 0.1296875
40 0.503125 0.41015625 0.159375 0.1109375
153 0.1984375 0.39609375 0.1171875 0.10625
168 0.68203125 0.43125 0.1875 0.1375
171 0.8765625 0.4453125 0.1921875 0.15
156 0.075 0.39375 0.109375 0.134375
230 0.3453125 0.41484375 0.1328125 0.1328125
168 0.38203125 0.5640625 0.1796875 0.125
40 0.20234375 0.55546875 0.1453125 0.1140625
230 0.68828125 0.60078125 0.140625 0.1375
153 0.55078125 0.5921875 0.1109375 0.1078125
171 0.84140625 0.61796875 0.16875 0.134375
156 0.06640625 0.5640625 0.1125 0.1375
168 0.21171875 0.721875 0.1796875 0.1203125
40 0.87578125 0.7703125 0.1453125 0.10625
153 0.05625 0.71953125 0.1078125 0.1078125
230 0.5953125 0.7625 0.1421875 0.128125
171 0.40859375 0.75078125 0.190625 0.1390625
156 0.734375 0.77890625 0.1046875 0.1359375
153 0.934375 0.1171875 0.128125 0.125
168 0.615625 0.0953125 0.178125 0.1203125
40 0.79453125 0.10859375 0.140625 0.1046875
40 0.184375 0.8859375 0.1453125 0.1046875
168 0.69453125 0.92421875 0.1796875 0.1234375
153 0.046875 0.88828125 0.09375 0.1171875
171 0.36015625 0.91328125 0.175 0.134375
230 0.5109375 0.92578125 0.134375 0.11875
156 0.84921875 0.94296875 0.1046875 0.1109375
230 0.24140625 0.08046875 0.1421875 0.128125
171 0.4171875 0.09453125 0.184375 0.1359375
156 0.1046875 0.07421875 0.1140625 0.134375