168 0.52890625 0.2328125 0.20625 0.1515625
153 0.85390625 0.17421875 0.121875 0.125
40 0.709375 0.20546875 0.15625 0.134375
171 0.18359375 0.32265625 0.2 0.165625
230 0.36171875 0.2859375 0.1609375 0.1578125
156 0.04609375 0.3671875 0.0921875 0.14375
40 0.478125 0.4125 0.1703125 0.1296875
153 0.18203125 0.4828125 0.128125 0.1203125
168 0.65546875 0.38359375 0.2015625 0.159375
171 0.846875 0.34375 0.2078125 0.1734375
156 0.0625 0.51484375 0.125 0.1453125
230 0.328125 0.4609375 0.1484375 0.1484375
168 0.40390625 0.59375 0.1921875 0.146875
40 0.22890625 0.63515625 0.1578125 0.13125
230 0.70859375 0.5453125 0.1546875 0.153125
153 0.57421875 0.57421875 0.1234375 0.1203125
171 0.86015625 0.51953125 0.1828125 0.1546875
156 0.10078125 0.68125 0.1296875 0.15
168 0.284375 0.79296875 0.190625 0.140625
40 0.928125 0.65625 0.140625 0.125
153 0.13359375 0.83359375 0.1203125 0.1203125
230 0.6640625 0.7265625 0.15625 0.1453125
171 0.48125 0.765625 0.2046875 0.1625
156 0.80234375 0.703125 0.1203125 0.146875
153 0.81328125 0.04140625 0.1453125 0.0828125
168 0.5 0.07890625 0.190625 0.1421875
40 0.675 0.05234375 0.153125 0.1046875
40 0.303125 0.94765625 0.15625 0.1015625
168 0.80390625 0.85390625 0.190625 0.14375
153 0.165625 0.9671875 0.11875 0.0625
171 0.4796875 0.928125 0.190625 0.140625
230 0.628125 0.90625 0.146875 0.134375
156 0.95 0.84140625 0.096875 0.1453125
230 0.13515625 0.16796875 0.15625 0.1453125
171 0.30859375 0.13359375 0.1984375 0.1578125
156 0.034375 0.2 0.06875 0.146875