168 0.53125 0.25703125 0.21875 0.1671875
153 0.21015625 0.34765625 0.1359375 0.1484375
40 0.35703125 0.30859375 0.165625 0.15625
171 0.0796875 0.396875 0.159375 0.190625
156 0.70859375 0.2265625 0.1515625 0.1765625
230 0.85 0.19296875 0.1703125 0.175
40 0.340625 0.1203125 0.1796875 0.159375
153 0.6875 0.05390625 0.14375 0.1078125
168 0.52734375 0.0828125 0.2078125 0.165625
156 0.815625 0.0515625 0.15 0.103125
230 0.19296875 0.18828125 0.1734375 0.1640625
171 0.05390625 0.2390625 0.1078125 0.16875