185 0.74765625 0.2703125 0.1703125 0.146875
155 0.39453125 0.215625 0.1234375 0.128125
170 0.565625 0.25078125 0.1953125 0.1625
162 0.9140625 0.32265625 0.16875 0.1796875
147 0.27109375 0.209375 0.125 0.153125
1 0.12265625 0.1828125 0.165625 0.1671875
185 0.434375 0.39453125 0.1515625 0.14375
170 0.27578125 0.36796875 0.196875 0.1453125
155 0.5703125 0.4203125 0.140625 0.1359375
1 0.0984375 0.3484375 0.15625 0.153125
162 0.740625 0.46328125 0.19375 0.1546875
147 0.9078125 0.4984375 0.140625 0.1390625
170 0.75078125 0.61640625 0.1953125 0.153125
185 0.56171875 0.58359375 0.1609375 0.1578125
155 0.20859375 0.53203125 0.1375 0.1328125
162 0.38046875 0.565625 0.203125 0.1671875
1 0.078125 0.51484375 0.15625 0.1640625
147 0.9125 0.66484375 0.1375 0.1421875
185 0.953125 0.13984375 0.090625 0.1328125
170 0.8 0.1140625 0.20625 0.1546875
155 0.62890625 0.0859375 0.128125 0.1234375
185 0.0625 0.6703125 0.125 0.1375
155 0.51640625 0.7578125 0.11875 0.14375
170 0.346875 0.728125 0.190625 0.146875
1 0.6640625 0.790625 0.16875 0.16875
162 0.8375 0.8265625 0.20625 0.1703125
147 0.18828125 0.7125 0.125 0.153125
147 0.5015625 0.07265625 0.125 0.1453125
162 0.34609375 0.0640625 0.1984375 0.128125
1 0.15703125 0.0484375 0.1734375 0.096875
185 0.05 0.83515625 0.1 0.1421875
170 0.81953125 0.95078125 0.2015625 0.0953125
155 0.64921875 0.9453125 0.1296875 0.10625
162 0.190625 0.87734375 0.196875 0.1640625
1 0.36796875 0.9125 0.165625 0.1578125
147 0.5171875 0.9328125 0.134375 0.13125