185 0.7734375 0.3015625 0.1796875 0.1609375
155 0.43046875 0.2046875 0.1328125 0.1375
170 0.5953125 0.26015625 0.20625 0.1796875
162 0.9203125 0.3765625 0.15625 0.196875
147 0.30859375 0.18359375 0.1390625 0.1609375
1 0.1640625 0.1390625 0.178125 0.1796875
185 0.44765625 0.3875 0.1625 0.15625
170 0.29375 0.34140625 0.20625 0.1625
155 0.5796875 0.4296875 0.15 0.146875
1 0.11953125 0.30078125 0.1671875 0.165625
162 0.74296875 0.49296875 0.2046875 0.171875
147 0.90546875 0.54765625 0.1515625 0.15
170 0.734375 0.64609375 0.2046875 0.1703125
185 0.55078125 0.590625 0.1734375 0.1703125
155 0.20703125 0.49609375 0.146875 0.14375
162 0.3734375 0.55 0.2140625 0.184375
1 0.08203125 0.4625 0.1640625 0.178125
147 0.88984375 0.7140625 0.1484375 0.153125
185 0.97109375 0.20234375 0.0546875 0.1453125
170 0.84453125 0.15390625 0.215625 0.1734375
155 0.678125 0.1046875 0.1375 0.1328125
185 0.05625 0.61328125 0.1125 0.1515625
155 0.48515625 0.7578125 0.13125 0.1515625
170 0.3203125 0.7078125 0.2 0.1640625
1 0.62734375 0.80859375 0.1828125 0.1828125
162 0.7953125 0.865625 0.2171875 0.1890625
147 0.16484375 0.67265625 0.1375 0.1609375
147 0.55390625 0.0765625 0.1390625 0.153125
162 0.403125 0.0609375 0.209375 0.121875
1 0.21796875 0.0328125 0.1859375 0.065625
185 0.03359375 0.775 0.0671875 0.15625
170 0.759375 0.9640625 0.209375 0.06875
155 0.59296875 0.95 0.1390625 0.096875
162 0.146875 0.83671875 0.2078125 0.18125
1 0.31875 0.89296875 0.178125 0.171875
147 0.4625 0.93046875 0.146875 0.1359375