185 0.809375 0.36328125 0.190625 0.1796875
155 0.49296875 0.196875 0.146875 0.1484375
170 0.64296875 0.28515625 0.2171875 0.2015625
162 0.92421875 0.471875 0.1484375 0.21875
147 0.378125 0.15 0.15625 0.1703125
1 0.24765625 0.08828125 0.1953125 0.1765625
185 0.471875 0.37890625 0.175 0.171875
170 0.33125 0.3015625 0.2125 0.1875
155 0.5921875 0.44765625 0.1625 0.1609375
1 0.16953125 0.22578125 0.18125 0.1796875
162 0.7390625 0.54375 0.2140625 0.1953125
147 0.88671875 0.63125 0.165625 0.1640625
170 0.69921875 0.69140625 0.2140625 0.19375
185 0.53046875 0.59921875 0.1875 0.1859375
155 0.2140625 0.43515625 0.159375 0.1578125
162 0.365625 0.52265625 0.2265625 0.2078125
1 0.09453125 0.37421875 0.1890625 0.1953125
147 0.83671875 0.78984375 0.1640625 0.165625
170 0.89765625 0.23359375 0.2015625 0.2015625
155 0.75625 0.15 0.1484375 0.1453125
185 0.05234375 0.5140625 0.1046875 0.16875
155 0.43203125 0.74921875 0.1484375 0.1609375
170 0.28125 0.66640625 0.2078125 0.1875
1 0.56015625 0.828125 0.1984375 0.1984375
162 0.7125 0.90546875 0.23125 0.1859375
147 0.1359375 0.59921875 0.15625 0.1703125
147 0.640625 0.09609375 0.1546875 0.1640625
162 0.50234375 0.0609375 0.2203125 0.121875
170 0.646875 0.97890625 0.21875 0.0390625
155 0.49296875 0.95078125 0.1515625 0.0953125
162 0.0984375 0.75625 0.196875 0.20625
1 0.240625 0.846875 0.1921875 0.1875
147 0.371875 0.91875 0.1625 0.159375