185 0.5109375 0.25390625 0.190625 0.178125
170 0.80625 0.40078125 0.2125 0.184375
155 0.64453125 0.3265625 0.15625 0.1546875
1 0.93984375 0.49609375 0.1171875 0.1828125
147 0.18671875 0.115625 0.1484375 0.1671875
162 0.3390625 0.19140625 0.2125 0.1890625
185 0.90078125 0.63828125 0.1828125 0.175
170 0.26640625 0.33203125 0.209375 0.1765625
155 0.76484375 0.58125 0.146875 0.1515625
1 0.4375 0.428125 0.178125 0.171875
162 0.6078125 0.5171875 0.2203125 0.1984375
147 0.11328125 0.27578125 0.146875 0.1546875
185 0.40546875 0.04140625 0.1671875 0.0828125
170 0.87890625 0.2390625 0.221875 0.1875
155 0.53671875 0.0828125 0.15 0.1609375
1 0.97578125 0.33359375 0.0453125 0.1828125
162 0.68984375 0.16328125 0.215625 0.19375
147 0.2640625 0.015625 0.1375 0.03125