185 0.46015625 0.25703125 0.1765625 0.1578125
170 0.77890625 0.3390625 0.203125 0.1578125
155 0.60546875 0.3 0.1421875 0.1390625
1 0.9375 0.39765625 0.121875 0.1640625
147 0.11328125 0.18984375 0.128125 0.1578125
162 0.27890625 0.23125 0.2015625 0.1625
185 0.9171875 0.5515625 0.1625 0.15625
170 0.23671875 0.384375 0.2015625 0.1484375
155 0.77578125 0.52421875 0.1328125 0.1390625
1 0.42421875 0.4421875 0.1640625 0.153125
162 0.609375 0.49453125 0.2078125 0.1734375
147 0.075 0.3609375 0.1296875 0.14375
185 0.3046875 0.05234375 0.15625 0.1046875
170 0.81640625 0.165625 0.2125 0.1578125
155 0.44921875 0.08359375 0.1328125 0.1484375
1 0.95625 0.22265625 0.084375 0.1640625
162 0.615625 0.13125 0.203125 0.1671875
147 0.15625 0.04296875 0.121875 0.0859375