185 0.39453125 0.278125 0.15625 0.1296875
170 0.72421875 0.26875 0.184375 0.1234375
155 0.54609375 0.27890625 0.121875 0.11875
1 0.91796875 0.2734375 0.15 0.1359375
147 0.04765625 0.3078125 0.0953125 0.14375
162 0.21328125 0.303125 0.18125 0.1296875
185 0.91875 0.43359375 0.146875 0.1296875
170 0.21484375 0.46171875 0.184375 0.1140625
155 0.771875 0.44765625 0.1109375 0.1203125
1 0.4109375 0.465625 0.1421875 0.128125
162 0.603125 0.4640625 0.184375 0.1390625
147 0.05390625 0.48359375 0.1078125 0.1265625
185 0.18359375 0.1078125 0.1375 0.109375
170 0.71171875 0.09140625 0.1953125 0.121875
155 0.33671875 0.1140625 0.109375 0.13125
1 0.9046875 0.09609375 0.15 0.1359375
162 0.509375 0.11328125 0.1828125 0.134375
147 0.04375 0.13203125 0.0875 0.1203125