2 0.671875 0.296875 0.1875 0.175
164 0.5078125 0.2203125 0.2171875 0.2015625
148 0.95625 0.4546875 0.084375 0.16875
3 0.340625 0.14140625 0.1921875 0.18125
163 0.8328125 0.38671875 0.2109375 0.19375
149 0.21015625 0.08359375 0.1453125 0.1578125
149 0.14140625 0.225 0.1375 0.1515625
2 0.2671875 0.28984375 0.178125 0.175
3 0.59609375 0.453125 0.1734375 0.1734375
163 0.89765625 0.60546875 0.2015625 0.1953125
164 0.42734375 0.37421875 0.215625 0.2015625
148 0.74921875 0.53125 0.1609375 0.1734375
2 0.51875 0.60234375 0.2015625 0.1859375
148 0.83828125 0.7578125 0.1453125 0.159375
163 0.209375 0.45234375 0.2203125 0.203125
149 0.07265625 0.38359375 0.1453125 0.1734375
164 0.6875 0.6875 0.2125 0.1953125
3 0.3734375 0.5375 0.175 0.1734375
2 0.4484375 0.75 0.18125 0.1796875
3 0.29921875 0.678125 0.190625 0.1828125
163 0.6140625 0.83203125 0.2046875 0.1796875
164 0.140625 0.603125 0.2140625 0.20625
148 0.03203125 0.53125 0.0640625 0.1625
164 0.43828125 0.0484375 0.2140625 0.096875
149 0.7609375 0.9078125 0.1546875 0.159375
3 0.6 0.0828125 0.1875 0.165625
148 0.875 0.2140625 0.15 0.1578125
163 0.95546875 0.28828125 0.0859375 0.1890625
2 0.74140625 0.153125 0.178125 0.171875
3 0.53359375 0.94375 0.1796875 0.109375
164 0.36328125 0.89453125 0.21875 0.203125
2 0.0671875 0.74140625 0.134375 0.1671875
149 0.6609375 0.9796875 0.159375 0.0375
163 0.18515625 0.81328125 0.203125 0.18125