2 0.46875 0.2359375 0.1828125 0.1671875
164 0.30078125 0.30390625 0.2125 0.19375
148 0.8 0.1125 0.1390625 0.1640625
3 0.12890625 0.371875 0.1859375 0.1734375
163 0.64375 0.1796875 0.20625 0.1859375
149 0.03359375 0.42890625 0.0671875 0.1546875
149 0.06015625 0.575 0.1203125 0.15
2 0.1875 0.52734375 0.1734375 0.16875
3 0.53125 0.39765625 0.16875 0.1671875
163 0.85234375 0.27734375 0.20625 0.184375
164 0.35859375 0.4671875 0.2109375 0.1921875
148 0.69296875 0.3390625 0.153125 0.1703125
2 0.5875 0.55625 0.196875 0.178125
148 0.91953125 0.42890625 0.1390625 0.1546875
163 0.2671875 0.6796875 0.2140625 0.19375
149 0.11875 0.7375 0.15 0.1671875
164 0.76484375 0.49140625 0.2078125 0.1859375
3 0.440625 0.61796875 0.16875 0.1671875
2 0.64765625 0.70859375 0.1765625 0.1734375
3 0.49375 0.76875 0.1859375 0.175
163 0.82109375 0.64296875 0.2015625 0.1703125
164 0.3296875 0.8328125 0.2078125 0.1984375
148 0.17421875 0.89375 0.1390625 0.1578125
164 0.09765625 0.20390625 0.1953125 0.1890625
149 0.95 0.5875 0.096875 0.15625
3 0.25859375 0.1390625 0.18125 0.16875
148 0.54765625 0.0546875 0.1453125 0.109375
163 0.70078125 0.03125 0.2171875 0.0625
2 0.4109375 0.08671875 0.171875 0.1640625
3 0.87109375 0.80078125 0.171875 0.1671875
164 0.6953125 0.86953125 0.2140625 0.19375
2 0.36640625 0.9578125 0.1703125 0.08125
149 0.9640625 0.75234375 0.06875 0.1546875
163 0.5140625 0.928125 0.2 0.140625