2 0.55625 0.23984375 0.153125 0.1265625
164 0.37578125 0.24921875 0.1796875 0.1453125
148 0.909375 0.23046875 0.1 0.14375
3 0.190625 0.25859375 0.1546875 0.1328125
163 0.740625 0.24375 0.1734375 0.1390625
149 0.05078125 0.26875 0.1015625 0.13125
149 0.05390625 0.42578125 0.096875 0.1265625
2 0.1953125 0.42421875 0.140625 0.1328125
3 0.5625 0.41328125 0.134375 0.1328125
163 0.90546875 0.40390625 0.175 0.1375
164 0.3765625 0.42265625 0.1765625 0.1453125
148 0.734375 0.41015625 0.115625 0.14375
2 0.56484375 0.58125 0.1671875 0.134375
148 0.91953125 0.56875 0.1046875 0.13125
163 0.22109375 0.59453125 0.18125 0.146875
149 0.06171875 0.60078125 0.1125 0.1421875
164 0.75390625 0.578125 0.175 0.1390625
3 0.40546875 0.5921875 0.1359375 0.1328125
2 0.571875 0.7453125 0.1421875 0.1375
3 0.40625 0.7515625 0.153125 0.1359375
163 0.75703125 0.73984375 0.1765625 0.121875
164 0.23046875 0.759375 0.1703125 0.1546875
148 0.0640625 0.76640625 0.103125 0.134375
164 0.209375 0.0859375 0.175 0.140625
149 0.921875 0.7375 0.1171875 0.125
3 0.3890625 0.08046875 0.15 0.1296875
148 0.696875 0.071875 0.109375 0.128125
163 0.86171875 0.0671875 0.1890625 0.125
2 0.55 0.0796875 0.1421875 0.128125
149 0.0515625 0.1 0.103125 0.1375
3 0.75234375 0.90546875 0.140625 0.13125
164 0.5640625 0.9125 0.18125 0.1453125
2 0.2125 0.92578125 0.1390625 0.121875
148 0.07265625 0.93046875 0.10625 0.1265625
149 0.89609375 0.903125 0.121875 0.1234375
163 0.36875 0.92421875 0.171875 0.1265625