3 0.61015625 0.2671875 0.153125 0.1546875
2 0.43984375 0.24921875 0.1578125 0.1484375
148 0.29921875 0.23671875 0.1140625 0.140625
164 0.128125 0.2203125 0.1875 0.1671875
163 0.78984375 0.290625 0.1953125 0.178125
149 0.946875 0.31484375 0.103125 0.1453125
164 0.10625 0.38359375 0.196875 0.15625
163 0.9015625 0.46875 0.1890625 0.146875
148 0.446875 0.42109375 0.1171875 0.134375
149 0.5734375 0.4359375 0.1265625 0.14375
3 0.71953125 0.45234375 0.1640625 0.15625
2 0.28671875 0.409375 0.165625 0.1359375
163 0.478125 0.0796875 0.19375 0.153125
3 0.66484375 0.10078125 0.14375 0.13125
2 0.940625 0.13515625 0.115625 0.1390625
164 0.1515625 0.06484375 0.1875 0.1296875
149 0.3171875 0.0703125 0.115625 0.140625
148 0.809375 0.1234375 0.1203125 0.1515625