3 0.47890625 0.24375 0.184375 0.184375
2 0.32265625 0.31328125 0.1875 0.18125
148 0.19453125 0.37265625 0.1453125 0.1609375
164 0.07421875 0.44453125 0.1484375 0.2078125
163 0.64609375 0.17421875 0.228125 0.21875
149 0.80390625 0.11015625 0.15625 0.165625
164 0.10703125 0.59609375 0.2140625 0.2015625
163 0.83203125 0.271875 0.2140625 0.190625
148 0.41484375 0.45859375 0.146875 0.15625
149 0.53203125 0.4078125 0.1578125 0.1671875
3 0.66640625 0.34921875 0.19375 0.1890625
2 0.26953125 0.528125 0.190625 0.1734375
163 0.27109375 0.146875 0.2203125 0.196875
3 0.44296875 0.07734375 0.1703125 0.1546875
2 0.71328125 0.01953125 0.1765625 0.0390625
164 0.03984375 0.28671875 0.0796875 0.1984375
149 0.12578125 0.21875 0.1453125 0.1625
148 0.57890625 0.053125 0.1546875 0.10625