3 0.48359375 0.24296875 0.1828125 0.184375
2 0.32578125 0.31015625 0.1859375 0.18125
148 0.196875 0.3671875 0.14375 0.159375
164 0.07421875 0.4359375 0.1484375 0.20625
163 0.65234375 0.1765625 0.2265625 0.2171875
149 0.81015625 0.115625 0.1546875 0.165625
164 0.10546875 0.590625 0.2109375 0.2
163 0.8359375 0.27734375 0.2125 0.1890625
148 0.415625 0.45703125 0.1453125 0.1546875
149 0.53359375 0.40859375 0.15625 0.165625
3 0.66875 0.3515625 0.19375 0.1875
2 0.26953125 0.52421875 0.1890625 0.171875
163 0.27734375 0.14296875 0.21875 0.19375
3 0.4515625 0.0765625 0.16875 0.153125
2 0.7234375 0.02109375 0.175 0.0421875
164 0.0421875 0.27734375 0.084375 0.1953125
149 0.13046875 0.21171875 0.1453125 0.1609375
148 0.5875 0.053125 0.153125 0.10625