227 0.1140625 0.33125 0.1265625 0.15625
49 0.31015625 0.33671875 0.1234375 0.16875
227 0.54921875 0.58203125 0.128125 0.1640625
49 0.74765625 0.58671875 0.1265625 0.165625
227 0.34296875 0.58515625 0.1171875 0.153125
157 0.12734375 0.58359375 0.184375 0.1796875
49 0.1015625 0.80546875 0.1296875 0.1671875
157 0.30078125 0.8109375 0.18125 0.175
49 0.59140625 0.1109375 0.128125 0.1609375
157 0.37890625 0.109375 0.1828125 0.1625
227 0.8125 0.11796875 0.14375 0.1671875
157 0.13671875 0.10859375 0.1765625 0.171875