4 0.7328125 0.23515625 0.1453125 0.140625
165 0.4171875 0.26953125 0.1828125 0.165625
150 0.25390625 0.28671875 0.1109375 0.1359375
5 0.8890625 0.240625 0.153125 0.15625
166 0.09296875 0.3171875 0.1859375 0.175
151 0.58125 0.27734375 0.1296875 0.1359375
150 0.4 0.4359375 0.1046875 0.1515625
4 0.54140625 0.42421875 0.14375 0.1484375
165 0.8875 0.3953125 0.1859375 0.1421875
5 0.69375 0.42734375 0.1671875 0.1609375
151 0.26015625 0.47109375 0.1265625 0.15
166 0.1046875 0.4875 0.2015625 0.1796875
4 0.25625 0.1046875 0.1609375 0.1421875
150 0.40390625 0.09296875 0.1234375 0.140625
165 0.86015625 0.06875 0.1828125 0.1375
5 0.67109375 0.0890625 0.1625 0.1515625
166 0.0828125 0.14609375 0.165625 0.1515625
151 0.52890625 0.11484375 0.1171875 0.140625