4 0.71796875 0.2234375 0.1515625 0.146875
165 0.40546875 0.27421875 0.1890625 0.1734375
150 0.24296875 0.3 0.1171875 0.140625
5 0.875 0.22109375 0.159375 0.1625
166 0.090625 0.33828125 0.18125 0.1828125
151 0.56875 0.2734375 0.1359375 0.1421875
150 0.396875 0.44140625 0.1109375 0.1546875
4 0.5375 0.421875 0.15 0.1546875
165 0.88203125 0.375 0.1921875 0.1515625
5 0.68984375 0.4171875 0.175 0.1671875
151 0.25859375 0.48359375 0.1328125 0.1546875
166 0.1046875 0.50859375 0.209375 0.1890625
4 0.2359375 0.11796875 0.1671875 0.15
150 0.3828125 0.0984375 0.1296875 0.146875
165 0.83671875 0.06171875 0.1890625 0.1234375
5 0.64921875 0.08046875 0.16875 0.159375
166 0.075 0.16796875 0.15 0.1609375
151 0.50859375 0.1140625 0.1234375 0.1453125