4 0.79296875 0.30390625 0.1546875 0.1515625
165 0.4796875 0.25625 0.19375 0.178125
150 0.3171875 0.23046875 0.121875 0.14375
5 0.9296875 0.35078125 0.1375 0.1671875
166 0.15 0.21640625 0.2046875 0.1859375
151 0.6359375 0.30546875 0.1390625 0.1453125
150 0.4203125 0.4125 0.115625 0.1578125
4 0.559375 0.4375 0.1546875 0.1578125
165 0.9015625 0.49921875 0.1953125 0.15625
5 0.70546875 0.4796875 0.178125 0.171875
151 0.27578125 0.409375 0.1375 0.1578125
166 0.12109375 0.3859375 0.2140625 0.19375
4 0.3671875 0.06640625 0.171875 0.1328125
150 0.5125 0.08203125 0.1328125 0.15
165 0.9328125 0.16328125 0.13125 0.1765625
5 0.771875 0.14765625 0.171875 0.1625
166 0.175 0.0640625 0.20625 0.128125
151 0.628125 0.13515625 0.1265625 0.1484375