152 0.53203125 0.25 0.1296875 0.140625
6 0.0765625 0.325 0.153125 0.153125
6 0.678125 0.23125 0.1703125 0.1453125
167 0.371875 0.28125 0.2046875 0.1546875
152 0.20546875 0.3109375 0.134375 0.1375
167 0.859375 0.20703125 0.20625 0.1578125
6 0.0859375 0.4859375 0.1703125 0.1515625
6 0.5796875 0.4140625 0.1640625 0.15
152 0.91953125 0.36171875 0.13125 0.1421875
167 0.2734375 0.465625 0.2046875 0.15
167 0.75546875 0.38984375 0.209375 0.159375
152 0.434375 0.44375 0.13125 0.1546875
6 0.11484375 0.65 0.1734375 0.1625
6 0.27890625 0.6296875 0.165625 0.14375
152 0.74765625 0.55546875 0.1328125 0.1453125
167 0.90234375 0.53359375 0.1921875 0.1578125
152 0.42421875 0.61484375 0.1375 0.1484375
167 0.58359375 0.58984375 0.209375 0.1515625
6 0.72734375 0.06640625 0.1734375 0.1328125
167 0.08359375 0.15546875 0.1671875 0.1671875
152 0.57890625 0.075 0.1359375 0.14375
152 0.8671875 0.0515625 0.134375 0.103125
6 0.43671875 0.0984375 0.1671875 0.140625
167 0.2625 0.13203125 0.203125 0.146875