152 0.61953125 0.278125 0.1359375 0.1453125
6 0.1546875 0.1796875 0.184375 0.1578125
6 0.7625 0.31328125 0.175 0.1515625
167 0.45859375 0.25 0.209375 0.1625
152 0.29296875 0.21796875 0.1390625 0.1421875
167 0.91640625 0.35546875 0.1640625 0.1671875
6 0.11796875 0.33828125 0.1765625 0.1578125
6 0.60546875 0.4484375 0.1703125 0.15625
152 0.93515625 0.52109375 0.1265625 0.1484375
167 0.30078125 0.38671875 0.209375 0.159375
167 0.778125 0.4890625 0.2140625 0.16875
152 0.45859375 0.42421875 0.1375 0.1578125
6 0.0890625 0.503125 0.178125 0.171875
6 0.246875 0.5421875 0.1703125 0.1515625
152 0.7109375 0.640625 0.1375 0.15
167 0.86875 0.6765625 0.20625 0.1640625
152 0.38828125 0.5796875 0.14375 0.153125
167 0.54609375 0.61328125 0.2140625 0.159375
6 0.87421875 0.1578125 0.178125 0.175
167 0.21328125 0.0546875 0.2171875 0.109375
152 0.72578125 0.13203125 0.1421875 0.1484375
152 0.9703125 0.19296875 0.05625 0.1515625
6 0.584375 0.10234375 0.171875 0.146875
167 0.4109375 0.075 0.209375 0.15