152 0.6765625 0.31953125 0.1578125 0.1625
6 0.25625 0.096875 0.203125 0.1890625
6 0.80390625 0.39296875 0.1921875 0.1796875
167 0.5296875 0.2484375 0.225 0.2
152 0.37890625 0.171875 0.159375 0.1609375
167 0.9234375 0.48359375 0.15 0.2046875
6 0.17734375 0.2390625 0.1953125 0.1859375
6 0.615625 0.47890625 0.1890625 0.1828125
152 0.91796875 0.6421875 0.159375 0.165625
167 0.33984375 0.3359375 0.2234375 0.196875
167 0.7703125 0.565625 0.23125 0.20625
152 0.48125 0.415625 0.1640625 0.175
6 0.1015625 0.38828125 0.2015625 0.196875
6 0.24453125 0.4703125 0.1890625 0.178125
152 0.6640625 0.69375 0.1609375 0.1671875
167 0.80625 0.771875 0.221875 0.2
152 0.3703125 0.54609375 0.1671875 0.171875
167 0.51328125 0.621875 0.228125 0.1984375
6 0.925 0.27421875 0.146875 0.2015625
167 0.35625 0.03359375 0.234375 0.0671875
152 0.81875 0.20859375 0.1640625 0.1671875
6 0.690625 0.14140625 0.1875 0.175
167 0.53125 0.0796875 0.221875 0.159375