239 0.4265625 0.2296875 0.1515625 0.1328125
231 0.58671875 0.253125 0.1453125 0.1390625
239 0.71640625 0.271875 0.1421875 0.1265625
238 0.27265625 0.21015625 0.1484375 0.134375
238 0.8765625 0.2953125 0.1515625 0.1265625
231 0.1171875 0.19140625 0.1453125 0.1203125
238 0.47421875 0.39609375 0.140625 0.121875
239 0.34609375 0.38046875 0.13125 0.115625
239 0.21875 0.36484375 0.1421875 0.1265625
231 0.090625 0.34921875 0.1390625 0.125
238 0.6265625 0.425 0.1515625 0.14375
231 0.79296875 0.45 0.1578125 0.1390625
239 0.8625 0.6125 0.146875 0.1390625
238 0.70390625 0.59375 0.140625 0.1296875
231 0.07265625 0.51015625 0.1453125 0.1421875
231 0.23046875 0.5328125 0.1484375 0.125
238 0.54296875 0.57734375 0.1484375 0.11875
239 0.384375 0.5609375 0.146875 0.125
239 0.06328125 0.6578125 0.1265625 0.14375
238 0.20625 0.68984375 0.1421875 0.1171875
238 0.68203125 0.75703125 0.146875 0.1328125
231 0.36484375 0.715625 0.14375 0.1203125
239 0.52109375 0.7375 0.14375 0.13125
231 0.8359375 0.78203125 0.1546875 0.1265625
238 0.453125 0.06484375 0.1578125 0.125
239 0.29453125 0.05234375 0.1546875 0.1046875
231 0.61484375 0.08984375 0.1421875 0.1265625
239 0.7671875 0.11328125 0.1578125 0.121875
231 0.14140625 0.04296875 0.1453125 0.0859375
238 0.92578125 0.1375 0.1453125 0.1375
239 0.33671875 0.87109375 0.1546875 0.1421875
238 0.1875 0.85234375 0.153125 0.128125
238 0.49765625 0.896875 0.1453125 0.128125
231 0.8203125 0.9359375 0.153125 0.125
231 0.6609375 0.92421875 0.146875 0.1265625
239 0.04765625 0.8359375 0.0953125 0.13125