239 0.45546875 0.2234375 0.1609375 0.1453125
231 0.61171875 0.2640625 0.1546875 0.15
239 0.7390625 0.2953125 0.15 0.1375
238 0.30390625 0.1875 0.1578125 0.1453125
238 0.89609375 0.33515625 0.1609375 0.1375
231 0.1515625 0.153125 0.153125 0.1328125
238 0.48515625 0.39375 0.1484375 0.1328125
239 0.359375 0.36484375 0.1390625 0.125
239 0.234375 0.3359375 0.15 0.1375
231 0.10859375 0.30703125 0.1484375 0.134375
238 0.63359375 0.43828125 0.1609375 0.1546875
231 0.79609375 0.48046875 0.1671875 0.1515625
239 0.84921875 0.65 0.15625 0.15
238 0.69296875 0.61484375 0.15 0.140625
231 0.07578125 0.465625 0.1515625 0.153125
231 0.228125 0.5046875 0.1578125 0.1375
238 0.534375 0.58125 0.15625 0.13125
239 0.378125 0.5484375 0.15625 0.1359375
239 0.059375 0.60859375 0.11875 0.1546875
238 0.1875 0.6578125 0.15 0.128125
238 0.65390625 0.77421875 0.15625 0.1453125
231 0.34296875 0.7 0.1515625 0.13125
239 0.49609375 0.73828125 0.153125 0.1421875
231 0.8046875 0.815625 0.1625 0.1390625
238 0.49921875 0.06640625 0.1671875 0.1328125
239 0.3421875 0.0453125 0.1625 0.090625
231 0.65703125 0.1046875 0.1515625 0.1375
239 0.80625 0.14296875 0.165625 0.1359375
231 0.1921875 0.028125 0.153125 0.05625
238 0.9421875 0.184375 0.1125 0.15
239 0.2984375 0.8515625 0.1640625 0.1546875
238 0.15234375 0.81796875 0.1625 0.140625
238 0.45625 0.89453125 0.1546875 0.140625
231 0.771875 0.9484375 0.1625 0.1
231 0.6171875 0.934375 0.15625 0.128125
239 0.03359375 0.78359375 0.0671875 0.1421875