239 0.28515625 0.3203125 0.175 0.1640625
231 0.4296875 0.2484375 0.1703125 0.1671875
239 0.546875 0.1890625 0.1640625 0.15625
238 0.14765625 0.39296875 0.171875 0.1640625
238 0.690625 0.115625 0.171875 0.159375
231 0.046875 0.4671875 0.09375 0.153125
238 0.41953125 0.4296875 0.1609375 0.15
239 0.30546875 0.490625 0.1515625 0.14375
239 0.1921875 0.55078125 0.1640625 0.15625
231 0.0796875 0.61171875 0.159375 0.1546875
238 0.56015625 0.365625 0.178125 0.1734375
231 0.7109375 0.290625 0.18125 0.171875
239 0.86171875 0.384375 0.171875 0.16875
238 0.72109375 0.46015625 0.1640625 0.159375
231 0.153125 0.7546875 0.175 0.1703125
231 0.29765625 0.68203125 0.16875 0.1578125
238 0.57890625 0.53828125 0.1671875 0.1515625
239 0.43984375 0.61640625 0.1671875 0.15625
239 0.22109375 0.88671875 0.178125 0.171875
238 0.36796875 0.82421875 0.1609375 0.146875
238 0.79609375 0.60625 0.1703125 0.1640625
231 0.5125 0.75390625 0.1640625 0.1515625
239 0.653125 0.68203125 0.1671875 0.1609375
231 0.9234375 0.53828125 0.15 0.1609375
238 0.21171875 0.1703125 0.1765625 0.159375
239 0.078125 0.2453125 0.15625 0.153125
231 0.359375 0.0984375 0.1640625 0.15625
239 0.496875 0.0546875 0.178125 0.109375
238 0.646875 0.0203125 0.18125 0.040625
239 0.57890625 0.89765625 0.1796875 0.1734375
238 0.44609375 0.9421875 0.1765625 0.1125
238 0.72578125 0.82578125 0.1671875 0.159375
231 0.96328125 0.6796875 0.0703125 0.171875
231 0.87578125 0.7546875 0.16875 0.1578125