240 0.45546875 0.23125 0.1546875 0.14375
240 0.62109375 0.26328125 0.14375 0.1296875
241 0.13671875 0.18125 0.1578125 0.165625
232 0.290625 0.21328125 0.1671875 0.165625
241 0.93125 0.33984375 0.134375 0.1546875
232 0.77890625 0.309375 0.1546875 0.1578125
240 0.2625 0.36875 0.1640625 0.1421875
232 0.58984375 0.43359375 0.1671875 0.165625
240 0.421875 0.40234375 0.1609375 0.1390625
241 0.7484375 0.46953125 0.153125 0.1515625
241 0.1015625 0.346875 0.1640625 0.153125
232 0.9125 0.50625 0.16875 0.16875
240 0.878125 0.653125 0.153125 0.15
240 0.39453125 0.565625 0.1671875 0.1546875
241 0.2296875 0.540625 0.159375 0.1640625
232 0.71640625 0.6390625 0.15625 0.15
241 0.07578125 0.51328125 0.1515625 0.1578125
232 0.55703125 0.61171875 0.1625 0.1578125
240 0.65078125 0.09609375 0.153125 0.1328125
240 0.36328125 0.7296875 0.153125 0.14375
240 0.5265625 0.7625 0.1640625 0.14375
241 0.68671875 0.79765625 0.15625 0.1609375
232 0.19921875 0.7125 0.15625 0.153125
241 0.84296875 0.8375 0.171875 0.175
232 0.0578125 0.68359375 0.115625 0.1453125
240 0.328125 0.05390625 0.153125 0.1078125
241 0.81328125 0.14140625 0.1546875 0.146875
241 0.16328125 0.04765625 0.1609375 0.0953125
240 0.82109375 0.96171875 0.1546875 0.0734375
241 0.490625 0.9265625 0.15625 0.14375
232 0.04453125 0.83828125 0.0890625 0.1578125
240 0.1703125 0.871875 0.1546875 0.1453125
232 0.6515625 0.94296875 0.15625 0.1109375
241 0.32578125 0.90546875 0.153125 0.1390625
232 0.49296875 0.08515625 0.1515625 0.1484375
232 0.94609375 0.17890625 0.1046875 0.1546875