240 0.50234375 0.22734375 0.16875 0.159375
240 0.66015625 0.2875 0.15625 0.1453125
241 0.19765625 0.12265625 0.175 0.18125
232 0.34375 0.18125 0.1828125 0.1828125
241 0.93828125 0.41953125 0.1203125 0.1703125
232 0.8078125 0.36015625 0.171875 0.1734375
240 0.2890625 0.3296875 0.1765625 0.1609375
232 0.6 0.45078125 0.1828125 0.1828125
240 0.43984375 0.38984375 0.1734375 0.1578125
241 0.75 0.51328125 0.16875 0.1671875
241 0.134375 0.28046875 0.178125 0.1703125
232 0.90546875 0.578125 0.1859375 0.1859375
240 0.84609375 0.71640625 0.16875 0.165625
240 0.384375 0.54609375 0.18125 0.1734375
241 0.2265625 0.49296875 0.1765625 0.1796875
232 0.6890625 0.675 0.1703125 0.165625
241 0.08125 0.4375 0.1625 0.175
232 0.53671875 0.61953125 0.178125 0.175
240 0.71875 0.12890625 0.1640625 0.15
240 0.325 0.70234375 0.1671875 0.1609375
240 0.48046875 0.7625 0.1765625 0.1625
241 0.63203125 0.825 0.1734375 0.1765625
232 0.1671875 0.65703125 0.171875 0.1703125
241 0.77890625 0.89140625 0.190625 0.1921875
232 0.04921875 0.60078125 0.0984375 0.1609375
240 0.409375 0.046875 0.165625 0.09375
241 0.87109375 0.2015625 0.1703125 0.1640625
241 0.25234375 0.0265625 0.1765625 0.053125
240 0.73125 0.98125 0.165625 0.034375
241 0.415625 0.91875 0.171875 0.159375
232 0.02265625 0.7484375 0.0453125 0.175
240 0.1109375 0.809375 0.16875 0.1625
232 0.56796875 0.9484375 0.1734375 0.1
241 0.2578125 0.86875 0.165625 0.15625
232 0.565625 0.08984375 0.1671875 0.165625
232 0.96640625 0.26484375 0.0640625 0.1703125