240 0.46484375 0.2296875 0.1578125 0.146875
240 0.62890625 0.26796875 0.146875 0.1328125
241 0.1484375 0.16875 0.1609375 0.1703125
232 0.30078125 0.20625 0.1703125 0.1703125
241 0.93359375 0.35546875 0.1296875 0.1578125
232 0.78515625 0.31875 0.159375 0.1609375
240 0.26796875 0.3609375 0.1671875 0.146875
232 0.5921875 0.4375 0.1703125 0.1703125
240 0.42578125 0.39921875 0.1640625 0.1421875
241 0.74921875 0.478125 0.15625 0.15625
241 0.10703125 0.3328125 0.1671875 0.15625
232 0.9125 0.5203125 0.171875 0.171875
240 0.87265625 0.66640625 0.1578125 0.153125
240 0.3921875 0.56171875 0.1703125 0.159375
241 0.228125 0.53125 0.1640625 0.16875
232 0.71171875 0.646875 0.159375 0.153125
241 0.0765625 0.49921875 0.153125 0.1609375
232 0.553125 0.61328125 0.165625 0.1625
240 0.66484375 0.1015625 0.1546875 0.1359375
240 0.35546875 0.725 0.15625 0.1484375
240 0.5171875 0.76328125 0.1671875 0.1484375
241 0.67578125 0.80390625 0.1609375 0.1640625
232 0.1921875 0.7015625 0.1609375 0.1578125
241 0.83046875 0.84921875 0.1765625 0.1796875
232 0.05546875 0.66796875 0.1109375 0.1484375
240 0.34375 0.05234375 0.15625 0.1046875
241 0.82578125 0.15234375 0.159375 0.15
241 0.18046875 0.04375 0.1640625 0.0875
240 0.80390625 0.96640625 0.1578125 0.0640625
241 0.4765625 0.92578125 0.159375 0.1453125
232 0.03984375 0.821875 0.0796875 0.1625
240 0.1578125 0.86015625 0.1578125 0.1484375
232 0.63515625 0.94453125 0.1609375 0.1078125
241 0.31171875 0.89921875 0.15625 0.14375
232 0.5078125 0.08515625 0.15625 0.153125
232 0.95078125 0.19453125 0.0953125 0.1578125