233 0.67734375 0.2140625 0.1859375 0.1765625
234 0.8375 0.17265625 0.171875 0.1640625
235 0.3546875 0.3109375 0.1671875 0.1578125
235 0.5171875 0.26640625 0.1703125 0.165625
233 0.19296875 0.359375 0.1734375 0.1640625
234 0.0625 0.40703125 0.125 0.1796875
233 0.725 0.37578125 0.1625 0.159375
235 0.56015625 0.4234375 0.165625 0.1703125
235 0.2390625 0.52109375 0.1640625 0.171875
233 0.40078125 0.475 0.1671875 0.15625
234 0.88984375 0.334375 0.1671875 0.15625
234 0.0828125 0.56796875 0.165625 0.1765625
233 0.28359375 0.68359375 0.1703125 0.1640625
233 0.7703125 0.5453125 0.16875 0.165625
234 0.12734375 0.73203125 0.171875 0.175
234 0.92109375 0.5015625 0.1546875 0.171875
235 0.44921875 0.64140625 0.1703125 0.165625
235 0.61015625 0.5953125 0.1625 0.1640625
233 0.03359375 0.2328125 0.0671875 0.171875
233 0.4671875 0.09453125 0.159375 0.1546875
235 0.63125 0.0671875 0.16875 0.134375
234 0.30703125 0.1453125 0.1625 0.159375
234 0.1484375 0.1921875 0.165625 0.15625
235 0.790625 0.04609375 0.16875 0.0921875