233 0.64140625 0.19453125 0.1953125 0.1890625
234 0.7953125 0.13359375 0.1796875 0.175
235 0.3328125 0.3296875 0.1765625 0.16875
235 0.48828125 0.26640625 0.1796875 0.1765625
233 0.178125 0.39765625 0.1828125 0.175
234 0.0609375 0.4640625 0.121875 0.190625
233 0.70859375 0.34921875 0.171875 0.16875
235 0.55 0.41640625 0.1765625 0.1796875
235 0.24296875 0.553125 0.175 0.18125
233 0.3984375 0.48671875 0.175 0.1671875
234 0.86640625 0.28828125 0.1765625 0.1671875
234 0.0921875 0.61875 0.1796875 0.184375
233 0.3078125 0.70859375 0.1796875 0.175
233 0.77421875 0.51171875 0.178125 0.175
234 0.15859375 0.77578125 0.1828125 0.184375
234 0.9171875 0.44921875 0.1625 0.1828125
235 0.4671875 0.64609375 0.1796875 0.1765625
235 0.62109375 0.58125 0.171875 0.1734375
233 0.021875 0.296875 0.04375 0.18125
233 0.41875 0.1015625 0.16875 0.165625
235 0.575 0.06328125 0.178125 0.1265625
234 0.265625 0.171875 0.171875 0.16875
234 0.11328125 0.2375 0.1734375 0.1671875
235 0.728125 0.0328125 0.178125 0.065625