233 0.82890625 0.42890625 0.2015625 0.1984375
234 0.9375 0.515625 0.121875 0.184375
235 0.53515625 0.2640625 0.1828125 0.1765625
235 0.6796875 0.35 0.1859375 0.184375
233 0.3875 0.18203125 0.1890625 0.184375
234 0.24296875 0.09921875 0.196875 0.196875
233 0.7453125 0.57578125 0.178125 0.1765625
235 0.596875 0.48984375 0.184375 0.1875
235 0.303125 0.3265625 0.1828125 0.1875
233 0.44921875 0.4109375 0.18125 0.1765625
234 0.88984375 0.665625 0.1828125 0.1765625
234 0.159375 0.24609375 0.1875 0.190625
233 0.2171875 0.471875 0.1859375 0.1828125
233 0.65546875 0.72578125 0.1859375 0.1828125
234 0.08515625 0.39375 0.1703125 0.19375
234 0.79921875 0.81171875 0.1921875 0.190625
235 0.36328125 0.56171875 0.1859375 0.184375
235 0.5078125 0.6453125 0.1796875 0.1796875
233 0.76875 0.1953125 0.175 0.1734375
235 0.91015625 0.28203125 0.1765625 0.1859375
234 0.62109375 0.115625 0.178125 0.1765625
234 0.478125 0.0609375 0.18125 0.121875