157 0.23671875 0.184375 0.2015625 0.215625
227 0.2640625 0.4125 0.1765625 0.20625
227 0.07109375 0.471875 0.1421875 0.203125
138 0.625 0.596875 0.1984375 0.1859375
219 0.45703125 0.6421875 0.15 0.15
41 0.12734375 0.73359375 0.1578125 0.178125
138 0.30234375 0.68671875 0.203125 0.2
41 0.78359375 0.55703125 0.146875 0.16875
219 0.92890625 0.52265625 0.1390625 0.1703125
49 0.44921875 0.1109375 0.1828125 0.1984375
157 0.690625 0.07734375 0.209375 0.1546875
49 0.04140625 0.24453125 0.0828125 0.1984375