157 0.0984375 0.440625 0.196875 0.20625
227 0.32265625 0.39609375 0.1515625 0.1921875
219 0.45546875 0.6390625 0.146875 0.1546875
41 0.78671875 0.57109375 0.14375 0.1515625
41 0.93359375 0.53984375 0.1296875 0.1671875
219 0.31953125 0.6734375 0.1328125 0.153125
138 0.15 0.7109375 0.1984375 0.1828125
138 0.628125 0.615625 0.1953125 0.1828125
49 0.6984375 0.07890625 0.159375 0.1578125
157 0.26640625 0.15859375 0.2015625 0.2015625
227 0.48515625 0.1140625 0.178125 0.203125
49 0.05 0.2140625 0.1 0.203125