49 0.6171875 0.13125 0.1390625 0.1671875
157 0.15703125 0.09453125 0.190625 0.1875
157 0.40234375 0.11796875 0.184375 0.1828125
227 0.8359375 0.15859375 0.1359375 0.1921875
227 0.1046875 0.3140625 0.1296875 0.16875
49 0.30546875 0.33984375 0.14375 0.1703125
227 0.53203125 0.6046875 0.1453125 0.1859375
227 0.32578125 0.5875 0.1328125 0.171875
49 0.74453125 0.62421875 0.140625 0.203125
157 0.115625 0.56953125 0.1859375 0.1875
49 0.0625 0.79765625 0.125 0.1890625
157 0.26796875 0.82421875 0.1796875 0.178125