49 0.153125 0.22578125 0.2015625 0.225
227 0.3828125 0.31015625 0.2046875 0.2234375
157 0.52421875 0.6484375 0.246875 0.2453125
49 0.75 0.73359375 0.190625 0.2203125
49 0.31015625 0.575 0.2046875 0.225
157 0.10546875 0.49609375 0.2109375 0.2390625
227 0.0359375 0.72109375 0.071875 0.2171875
227 0.19140625 0.8015625 0.1921875 0.2234375
157 0.91875 0.240625 0.159375 0.234375
157 0.7046875 0.1515625 0.234375 0.240625
49 0.24296875 0.0453125 0.1921875 0.090625
227 0.4625 0.08515625 0.18125 0.1703125