49 0.0765625 0.42890625 0.153125 0.2078125
227 0.30546875 0.390625 0.178125 0.203125
157 0.59296875 0.61796875 0.2203125 0.21875
49 0.83203125 0.5828125 0.1625 0.2046875
49 0.36953125 0.6578125 0.1765625 0.20625
157 0.13984375 0.6953125 0.2125 0.2125
227 0.15078125 0.921875 0.1578125 0.153125
227 0.37734375 0.90390625 0.1640625 0.1890625
157 0.77890625 0.07578125 0.2234375 0.1515625
157 0.5109375 0.103125 0.209375 0.20625
49 0.05390625 0.17421875 0.1078125 0.1953125
227 0.25703125 0.1390625 0.1546875 0.1890625