49 0.3171875 0.2875 0.153125 0.2109375
227 0.109375 0.26953125 0.140625 0.1875
49 0.540625 0.33203125 0.1359375 0.18125
157 0.7875 0.37265625 0.1921875 0.1921875
157 0.10234375 0.509375 0.1953125 0.2109375
227 0.32890625 0.5421875 0.1609375 0.1796875
219 0.5328125 0.84375 0.1375 0.1421875
138 0.7015625 0.86875 0.1828125 0.165625
219 0.8640625 0.89296875 0.1296875 0.1359375
41 0.05390625 0.7796875 0.1078125 0.14375
138 0.37265625 0.828125 0.175 0.1375
41 0.1890625 0.80703125 0.134375 0.1328125
41 0.33046875 0.06796875 0.1265625 0.1359375
219 0.48046875 0.0859375 0.1359375 0.1375
41 0.771875 0.12890625 0.128125 0.128125
138 0.92890625 0.15703125 0.1390625 0.1515625
219 0.62734375 0.1125 0.1359375 0.121875
138 0.1703125 0.065625 0.184375 0.13125