49 0.2421875 0.3890625 0.18125 0.225
227 0.065625 0.46484375 0.13125 0.2015625
49 0.46328125 0.33125 0.159375 0.19375
157 0.70234375 0.259375 0.2140625 0.2140625
157 0.146875 0.6828125 0.221875 0.2328125
227 0.36484375 0.6125 0.1828125 0.196875
219 0.68046875 0.79453125 0.153125 0.1578125
138 0.84296875 0.74375 0.2015625 0.1875
219 0.9625 0.69375 0.071875 0.153125
41 0.20625 0.93671875 0.15625 0.1234375
138 0.5296875 0.85078125 0.1875 0.159375
41 0.35546875 0.9125 0.15 0.1484375
41 0.15625 0.1828125 0.1421875 0.153125
219 0.3015625 0.13671875 0.1515625 0.153125
41 0.58203125 0.06015625 0.1453125 0.1203125
138 0.75390625 0.040625 0.1984375 0.08125
219 0.44453125 0.09609375 0.15 0.1375
138 0.05390625 0.23984375 0.1078125 0.1828125