49 0.34453125 0.26640625 0.1734375 0.221875
227 0.140625 0.2234375 0.159375 0.196875
49 0.5609375 0.33828125 0.153125 0.190625
157 0.80078125 0.40859375 0.2078125 0.2078125
157 0.10625 0.4609375 0.2125 0.228125
227 0.325 0.52109375 0.1765625 0.1921875
219 0.490625 0.8453125 0.1484375 0.153125
138 0.6546875 0.890625 0.196875 0.18125
219 0.81328125 0.9296875 0.1421875 0.1375
41 0.040625 0.72109375 0.08125 0.1546875
138 0.33359375 0.81015625 0.184375 0.153125
41 0.15390625 0.7671875 0.1453125 0.1453125
41 0.38515625 0.06171875 0.1390625 0.1234375
219 0.53125 0.08671875 0.146875 0.1484375
41 0.81484375 0.16484375 0.1390625 0.1390625
138 0.9453125 0.2140625 0.10625 0.16875
219 0.6734375 0.13046875 0.1453125 0.134375
138 0.228125 0.05078125 0.196875 0.1015625