227 0.3546875 0.346875 0.1640625 0.1953125
49 0.12109375 0.31015625 0.1515625 0.1921875
49 0.79140625 0.68515625 0.16875 0.19375
157 0.1078125 0.5796875 0.209375 0.20625
49 0.34375 0.62421875 0.1546875 0.1921875
157 0.5578125 0.66015625 0.20625 0.2078125
227 0.06484375 0.8234375 0.1296875 0.196875
227 0.25859375 0.859375 0.1828125 0.1921875
49 0.15703125 0.07578125 0.1578125 0.1515625
157 0.89375 0.178125 0.209375 0.2
227 0.3875 0.0984375 0.175 0.1921875
157 0.63671875 0.13828125 0.2140625 0.196875