138 0.07421875 0.1859375 0.1484375 0.159375
49 0.259375 0.3703125 0.1421875 0.1890625
227 0.0640625 0.4046875 0.128125 0.175
49 0.47109375 0.34375 0.1578125 0.19375
157 0.70546875 0.30703125 0.1921875 0.1921875
227 0.3390625 0.5921875 0.140625 0.178125
157 0.1234375 0.62890625 0.18125 0.1859375
41 0.28359375 0.8703125 0.1296875 0.1375
138 0.4546875 0.84453125 0.190625 0.1625
138 0.77890625 0.79375 0.1765625 0.1703125
41 0.14140625 0.89609375 0.128125 0.1421875
219 0.93125 0.77421875 0.128125 0.15
219 0.61484375 0.82734375 0.121875 0.140625
138 0.80859375 0.06953125 0.1828125 0.1390625
41 0.203125 0.15703125 0.1203125 0.125
41 0.6359375 0.08828125 0.1171875 0.1359375
219 0.35390625 0.1359375 0.1390625 0.1390625
219 0.4921875 0.115625 0.134375 0.1234375