138 0.0453125 0.31953125 0.090625 0.1921875
49 0.2328125 0.44140625 0.1796875 0.20625
227 0.06796875 0.53046875 0.1359375 0.1921875
49 0.4296875 0.3578125 0.19375 0.2140625
157 0.64375 0.2578125 0.2234375 0.2234375
227 0.3703125 0.6328125 0.1734375 0.196875
157 0.1734375 0.728125 0.2109375 0.2140625
41 0.39375 0.915625 0.153125 0.1578125
138 0.5515625 0.84375 0.2125 0.196875
138 0.84921875 0.70546875 0.203125 0.2
41 0.26484375 0.9484375 0.1546875 0.1
219 0.95546875 0.6453125 0.0859375 0.16875
219 0.70078125 0.7828125 0.146875 0.1578125
138 0.67578125 0.04375 0.2046875 0.0875
41 0.11953125 0.25234375 0.140625 0.14375
41 0.5171875 0.07265625 0.14375 0.1453125
219 0.25859375 0.18984375 0.1609375 0.1609375
219 0.3859375 0.13203125 0.153125 0.146875