138 0.053125 0.27578125 0.10625 0.1828125
49 0.2390625 0.41875 0.16875 0.2015625
227 0.065625 0.490625 0.13125 0.1875
49 0.4421875 0.35234375 0.184375 0.209375
157 0.66484375 0.27109375 0.215625 0.215625
227 0.359375 0.62109375 0.165625 0.1921875
157 0.1546875 0.6984375 0.203125 0.20625
41 0.3578125 0.9046875 0.146875 0.153125
138 0.521875 0.846875 0.2078125 0.1875
138 0.8296875 0.73515625 0.196875 0.1921875
41 0.22421875 0.93828125 0.1484375 0.1203125
219 0.95 0.68671875 0.096875 0.1640625
219 0.67578125 0.79921875 0.140625 0.153125
138 0.71875 0.05 0.2 0.1
41 0.14296875 0.2203125 0.1359375 0.1390625
41 0.55546875 0.07265625 0.1359375 0.1453125
219 0.28671875 0.1703125 0.15625 0.15625
219 0.41875 0.12421875 0.1484375 0.140625