219 0.07265625 0.47734375 0.1453125 0.1515625
227 0.56796875 0.54921875 0.1703125 0.209375
227 0.134375 0.69375 0.15625 0.1828125
157 0.36015625 0.63046875 0.215625 0.2171875
157 0.80390625 0.49609375 0.2140625 0.2265625
49 0.2046875 0.9125 0.159375 0.171875
49 0.41484375 0.86015625 0.1625 0.1890625
138 0.7515625 0.05078125 0.2 0.1015625
138 0.38515625 0.12890625 0.203125 0.1703125
219 0.18203125 0.1921875 0.171875 0.15
41 0.584375 0.0734375 0.14375 0.146875
41 0.03984375 0.2484375 0.0796875 0.159375