219 0.1046875 0.3234375 0.13125 0.1265625
227 0.54609375 0.5703125 0.1359375 0.1890625
227 0.0890625 0.54921875 0.1265625 0.1625
157 0.32265625 0.57109375 0.184375 0.1859375
157 0.784375 0.60546875 0.18125 0.196875
49 0.07265625 0.7875 0.1265625 0.1671875
49 0.29140625 0.80546875 0.13125 0.16875
138 0.90859375 0.13671875 0.1765625 0.1390625
138 0.52578125 0.1125 0.1828125 0.1375
219 0.31328125 0.0984375 0.1515625 0.1234375
41 0.73359375 0.128125 0.11875 0.1328125
41 0.125 0.0859375 0.1296875 0.1359375