140 0.11015625 0.54453125 0.2203125 0.2328125
44 0.18828125 0.77890625 0.1828125 0.209375
141 0.37421875 0.6921875 0.2359375 0.2421875
222 0.7015625 0.54140625 0.1921875 0.2125
221 0.553125 0.61171875 0.1796875 0.2
140 0.88046875 0.46484375 0.2359375 0.2484375
43 0.2921875 0.94609375 0.196875 0.1046875
221 0.66328125 0.05390625 0.1890625 0.1078125
44 0.3359375 0.15859375 0.1890625 0.2078125
141 0.1625 0.2390625 0.2328125 0.23125
222 0.50234375 0.09453125 0.1890625 0.1890625
43 0.0375 0.33046875 0.075 0.2171875