140 0.140625 0.31953125 0.2046875 0.19375
44 0.08671875 0.5640625 0.14375 0.1890625
141 0.28984375 0.59296875 0.1984375 0.2078125
222 0.646875 0.64453125 0.1546875 0.1890625
221 0.48359375 0.62265625 0.14375 0.1796875
140 0.84296875 0.68046875 0.20625 0.2125
43 0.06484375 0.8078125 0.1296875 0.196875
221 0.9078125 0.17109375 0.15 0.1875
44 0.5484375 0.12421875 0.1515625 0.184375
141 0.36015625 0.0984375 0.1984375 0.196875
222 0.7296875 0.15 0.146875 0.1921875
43 0.15234375 0.08515625 0.1609375 0.1703125