227 0.365625 0.28046875 0.1671875 0.203125
157 0.1578125 0.22734375 0.196875 0.203125
138 0.08828125 0.4875 0.1765625 0.175
138 0.29140625 0.5484375 0.2046875 0.190625
219 0.4859375 0.60390625 0.1421875 0.1515625
41 0.6609375 0.6578125 0.1484375 0.15625
219 0.83984375 0.70859375 0.1453125 0.1453125
41 0.034375 0.7 0.06875 0.15625
157 0.22421875 0.0515625 0.1984375 0.103125
227 0.425 0.0796875 0.16875 0.159375
157 0.64921875 0.1265625 0.2234375 0.2078125
49 0.85703125 0.19140625 0.1734375 0.1984375