227 0.2828125 0.36171875 0.1515625 0.1953125
157 0.0828125 0.40546875 0.165625 0.1921875
138 0.11796875 0.671875 0.1796875 0.1609375
138 0.33359375 0.63515625 0.19375 0.1765625
219 0.5328125 0.6 0.1328125 0.14375
41 0.7140625 0.57109375 0.1390625 0.146875
219 0.896875 0.53828125 0.1359375 0.1359375
41 0.13515625 0.90078125 0.134375 0.1453125
157 0.06328125 0.175 0.1265625 0.1875
227 0.23984375 0.13984375 0.153125 0.184375
157 0.4703125 0.09921875 0.2109375 0.1921875
49 0.68515625 0.08046875 0.1609375 0.1609375