41 0.06484375 0.50390625 0.1296875 0.1453125
138 0.22578125 0.44921875 0.196875 0.16875
138 0.409375 0.38984375 0.1984375 0.1703125
219 0.5609375 0.34296875 0.1546875 0.153125
219 0.853125 0.2484375 0.140625 0.1421875
41 0.70859375 0.29765625 0.146875 0.146875
138 0.75546875 0.046875 0.1984375 0.09375
219 0.5890625 0.06875 0.153125 0.1375
138 0.04921875 0.253125 0.0984375 0.16875
41 0.28828125 0.159375 0.15 0.146875
219 0.1546875 0.20546875 0.1328125 0.134375
41 0.44375 0.11328125 0.146875 0.1390625