41 0.1875 0.1828125 0.15625 0.1546875
138 0.34609375 0.2671875 0.20625 0.1875
138 0.51640625 0.3578125 0.20625 0.1875
219 0.6546875 0.434375 0.165625 0.165625
219 0.92421875 0.5796875 0.1484375 0.153125
41 0.790625 0.509375 0.1578125 0.1578125
138 0.96328125 0.33984375 0.0703125 0.1953125
219 0.87890625 0.25859375 0.1640625 0.165625
138 0.33203125 0.03203125 0.2015625 0.0640625
41 0.59765625 0.11171875 0.1609375 0.1578125
219 0.47265625 0.06015625 0.1453125 0.1203125
41 0.73984375 0.19140625 0.15625 0.15