159 0.90234375 0.2203125 0.1921875 0.2
229 0.15859375 0.08359375 0.1484375 0.1671875
229 0.11484375 0.3078125 0.146875 0.184375
226 0.07578125 0.51328125 0.14375 0.18125
145 0.6109375 0.621875 0.228125 0.20625
48 0.2359375 0.54921875 0.1578125 0.19375
159 0.825 0.703125 0.1875 0.1875
48 0.39921875 0.62578125 0.153125 0.190625
229 0.046875 0.80234375 0.09375 0.1953125
226 0.33828125 0.07734375 0.1390625 0.1546875
145 0.53046875 0.10625 0.1921875 0.1890625
48 0.7109375 0.1421875 0.1421875 0.1796875