159 0.90078125 0.21328125 0.1953125 0.1984375
229 0.15078125 0.08671875 0.1453125 0.1734375
229 0.11171875 0.31484375 0.14375 0.1828125
226 0.07578125 0.5203125 0.140625 0.1796875
145 0.61328125 0.61953125 0.225 0.203125
48 0.23671875 0.55390625 0.1546875 0.1921875
159 0.828125 0.69765625 0.1859375 0.1859375
48 0.4015625 0.628125 0.15 0.1890625
229 0.04921875 0.8109375 0.0984375 0.19375
226 0.33046875 0.078125 0.1359375 0.15625
145 0.5234375 0.10625 0.1890625 0.1875
48 0.7046875 0.1390625 0.140625 0.178125