51 0.62734375 0.1828125 0.1953125 0.2203125
226 0.16796875 0.1984375 0.1796875 0.203125
159 0.50390625 0.40703125 0.240625 0.2375
229 0.31171875 0.3171875 0.190625 0.209375
48 0.07265625 0.4453125 0.1453125 0.20625
226 0.3953125 0.60859375 0.18125 0.2078125
159 0.5625 0.725 0.246875 0.2421875
229 0.74296875 0.8125 0.19375 0.2171875
51 0.203125 0.56328125 0.1984375 0.221875
145 0.04765625 0.67578125 0.0953125 0.2359375
48 0.2796875 0.0375 0.178125 0.075
145 0.46640625 0.0921875 0.2421875 0.184375