145 0.43828125 0.09453125 0.2390625 0.1890625
159 0.64140625 0.18046875 0.2265625 0.2359375
51 0.93203125 0.3171875 0.1328125 0.2125
229 0.14765625 0.2484375 0.1875 0.2046875
48 0.23671875 0.5171875 0.184375 0.209375
226 0.403125 0.5875 0.1671875 0.19375
145 0.58671875 0.66328125 0.225 0.2328125
159 0.771875 0.76953125 0.23125 0.2359375
51 0.07109375 0.48515625 0.1421875 0.1984375
229 0.028125 0.71015625 0.05625 0.1984375
48 0.2578125 0.04609375 0.18125 0.0921875
226 0.82578125 0.221875 0.16875 0.19375