159 0.49921875 0.14765625 0.1875 0.1890625
51 0.2828125 0.13984375 0.1328125 0.171875
229 0.6890625 0.16953125 0.1390625 0.1734375
48 0.09609375 0.3296875 0.134375 0.1828125
226 0.30703125 0.60625 0.134375 0.1859375
145 0.11171875 0.60703125 0.1796875 0.1890625
159 0.50390625 0.66171875 0.1890625 0.1984375
51 0.875 0.690625 0.1296875 0.2
229 0.70078125 0.6828125 0.1296875 0.196875
48 0.08203125 0.8484375 0.14375 0.1828125
226 0.11171875 0.08828125 0.1234375 0.1765625
145 0.90390625 0.13359375 0.1765625 0.178125