159 0.48671875 0.1484375 0.18125 0.1828125
51 0.2703125 0.14765625 0.1265625 0.1671875
229 0.678125 0.16328125 0.1328125 0.16875
48 0.08984375 0.34375 0.128125 0.178125
226 0.31015625 0.61328125 0.128125 0.18125
145 0.115625 0.6203125 0.1734375 0.1828125
159 0.509375 0.6609375 0.1828125 0.1921875
51 0.88125 0.678125 0.1234375 0.196875
229 0.70703125 0.67578125 0.1234375 0.1921875
48 0.09453125 0.8625 0.1375 0.178125
226 0.096875 0.10078125 0.115625 0.175
145 0.89140625 0.1203125 0.1703125 0.171875