159 0.571875 0.15546875 0.21875 0.2203125
51 0.3625 0.10234375 0.1625 0.1921875
229 0.75390625 0.21640625 0.16875 0.1953125
48 0.13984375 0.24921875 0.1671875 0.203125
226 0.2890625 0.5640625 0.1671875 0.2046875
145 0.10234375 0.525 0.2046875 0.21875
159 0.4703125 0.65859375 0.221875 0.2296875
51 0.82734375 0.76484375 0.1671875 0.21875
229 0.65859375 0.7203125 0.1640625 0.215625
48 0.05390625 0.7546875 0.1078125 0.20625
226 0.20546875 0.05703125 0.1546875 0.1140625
145 0.93359375 0.22578125 0.1296875 0.2078125