159 0.67734375 0.1390625 0.1765625 0.165625
51 0.85703125 0.1484375 0.128125 0.1515625
229 0.09453125 0.3953125 0.1390625 0.175
145 0.4671875 0.59453125 0.165625 0.178125
226 0.0984375 0.60234375 0.125 0.165625
48 0.85625 0.59140625 0.1296875 0.1671875
229 0.26796875 0.634375 0.1234375 0.1765625
159 0.67734375 0.62734375 0.16875 0.1765625
51 0.1015625 0.88125 0.121875 0.165625
226 0.4765625 0.10234375 0.115625 0.165625
48 0.090625 0.109375 0.115625 0.159375
145 0.29140625 0.1125 0.184375 0.1734375