159 0.72578125 0.1671875 0.1921875 0.1828125
51 0.90234375 0.2015625 0.1421875 0.1640625
229 0.1125 0.33984375 0.15625 0.1875
145 0.4546875 0.5890625 0.1828125 0.19375
226 0.08828125 0.5453125 0.140625 0.1765625
48 0.83984375 0.63984375 0.146875 0.1796875
229 0.2515625 0.60078125 0.1421875 0.1875
159 0.6578125 0.65078125 0.1859375 0.19375
51 0.0609375 0.821875 0.121875 0.178125
226 0.53203125 0.103125 0.1328125 0.1765625
48 0.14921875 0.07109375 0.1328125 0.1421875
145 0.34765625 0.09140625 0.2015625 0.1828125