158 0.24453125 0.43671875 0.24375 0.2640625
228 0.075 0.5171875 0.15 0.21875
139 0.47265625 0.38203125 0.234375 0.2203125
42 0.815625 0.24453125 0.2109375 0.196875
220 0.65078125 0.31953125 0.1859375 0.184375
50 0.728125 0.51796875 0.16875 0.2125
228 0.89453125 0.45390625 0.1875 0.2296875
158 0.18515625 0.73984375 0.246875 0.2609375
139 0.57578125 0.6234375 0.2265625 0.2078125
42 0.38671875 0.70390625 0.2078125 0.196875
220 0.27421875 0.95625 0.2078125 0.084375
50 0.03046875 0.284375 0.0609375 0.228125