50 0.703125 0.14609375 0.1359375 0.190625
158 0.32734375 0.0984375 0.1890625 0.196875
220 0.8796875 0.209375 0.1640625 0.171875
139 0.53046875 0.1671875 0.2046875 0.1796875
42 0.1265625 0.33046875 0.18125 0.1734375
158 0.44296875 0.5859375 0.190625 0.2078125
50 0.07109375 0.5390625 0.1296875 0.20625
220 0.621875 0.65546875 0.1578125 0.171875
139 0.80859375 0.6828125 0.2 0.1765625
42 0.25078125 0.60703125 0.1734375 0.1640625
228 0.05546875 0.7625 0.1109375 0.19375
228 0.1359375 0.08203125 0.14375 0.1640625