50 0.51328125 0.09765625 0.1671875 0.1953125
158 0.15703125 0.2234375 0.215625 0.225
220 0.69921875 0.08203125 0.1890625 0.1640625
139 0.3703125 0.1921875 0.2265625 0.209375
42 0.096875 0.5265625 0.19375 0.2
158 0.48984375 0.60234375 0.2203125 0.2328125
50 0.1390625 0.7359375 0.1640625 0.2171875
220 0.68046875 0.5796875 0.1828125 0.1921875
139 0.85859375 0.51640625 0.221875 0.2046875
42 0.3296875 0.71171875 0.19375 0.1875
228 0.21484375 0.921875 0.1765625 0.153125
228 0.03046875 0.28515625 0.0609375 0.2140625