139 0.4796875 0.11484375 0.24375 0.228125
220 0.29921875 0.071875 0.2203125 0.14375
42 0.18984375 0.2546875 0.2046875 0.2078125
228 0.60546875 0.71171875 0.209375 0.2328125
158 0.78359375 0.80703125 0.2484375 0.259375
42 0.08984375 0.48828125 0.1796875 0.2234375
220 0.43984375 0.67734375 0.1953125 0.19375
139 0.253125 0.5875 0.2359375 0.2265625
50 0.0296875 0.67265625 0.059375 0.2328125
228 0.665625 0.1578125 0.2046875 0.2265625
50 0.9609375 0.34375 0.075 0.2375
158 0.85 0.2640625 0.2640625 0.275