42 0.1953125 0.09453125 0.2 0.1890625
220 0.71015625 0.21640625 0.1765625 0.1796875
139 0.16171875 0.31484375 0.2234375 0.2078125
50 0.83203125 0.703125 0.175 0.215625
158 0.48046875 0.61796875 0.209375 0.215625
158 0.10390625 0.528125 0.2078125 0.234375
228 0.66171875 0.66640625 0.16875 0.2234375
42 0.27578125 0.61796875 0.1953125 0.1828125
139 0.07421875 0.7984375 0.1484375 0.215625
50 0.3703125 0.08984375 0.165625 0.1796875
158 0.89765625 0.21328125 0.2015625 0.2234375
228 0.540625 0.1234375 0.159375 0.2140625