141 0.26640625 0.14609375 0.2015625 0.1953125
221 0.45 0.13359375 0.146875 0.1828125
44 0.06484375 0.1703125 0.1296875 0.1875
140 0.82265625 0.10703125 0.1953125 0.1875
43 0.0796875 0.409375 0.1453125 0.2046875
221 0.28125 0.64453125 0.1359375 0.190625
222 0.1 0.66015625 0.1421875 0.1890625
141 0.47421875 0.6296875 0.1828125 0.2125
43 0.6640625 0.6140625 0.1421875 0.1953125
140 0.86953125 0.596875 0.178125 0.196875
44 0.13046875 0.9015625 0.1453125 0.1890625
222 0.628125 0.11171875 0.1421875 0.1828125