141 0.27890625 0.13828125 0.1953125 0.1890625
221 0.4625 0.13203125 0.140625 0.1796875
44 0.0703125 0.15390625 0.1328125 0.1828125
140 0.8359375 0.11875 0.190625 0.18125
43 0.0828125 0.3953125 0.1390625 0.2
221 0.2765625 0.63671875 0.1296875 0.1875
222 0.09453125 0.64609375 0.1359375 0.1859375
141 0.4703125 0.62890625 0.1765625 0.20625
43 0.659375 0.6203125 0.1359375 0.1921875
140 0.865625 0.61015625 0.171875 0.1921875
44 0.11640625 0.88828125 0.1390625 0.1859375
222 0.6421875 0.11640625 0.1375 0.1796875