43 0.1765625 0.2171875 0.1828125 0.209375
44 0.6109375 0.66484375 0.16875 0.209375
43 0.7953125 0.7359375 0.1890625 0.2171875
221 0.253125 0.52890625 0.184375 0.2171875
222 0.08203125 0.4625 0.1640625 0.203125
140 0.43515625 0.603125 0.2265625 0.2328125
141 0.06953125 0.70078125 0.1390625 0.2390625
44 0.4671875 0.08671875 0.19375 0.1734375
140 0.2859375 0.059375 0.240625 0.11875
141 0.8234375 0.20546875 0.2375 0.2328125
221 0.96171875 0.27890625 0.0734375 0.2078125
222 0.6421875 0.13671875 0.1875 0.2171875