43 0.08046875 0.409375 0.1515625 0.190625
44 0.6765625 0.590625 0.1359375 0.1953125
43 0.87265625 0.5625 0.15625 0.1984375
221 0.29765625 0.6453125 0.1515625 0.2
222 0.1125 0.67109375 0.1390625 0.184375
140 0.49375 0.621875 0.196875 0.2046875
141 0.18046875 0.89921875 0.1984375 0.1984375
44 0.26015625 0.13671875 0.1625 0.1921875
140 0.08671875 0.16640625 0.1734375 0.2109375
141 0.63984375 0.09375 0.2109375 0.1875
221 0.840625 0.07734375 0.14375 0.1546875
222 0.4484375 0.11328125 0.1546875 0.1984375