141 0.1140625 0.41484375 0.2015625 0.196875
44 0.52109375 0.62734375 0.13125 0.1953125
141 0.90390625 0.5796875 0.1890625 0.215625
140 0.1546875 0.67734375 0.203125 0.2265625
221 0.34765625 0.6546875 0.1375 0.19375
222 0.6953125 0.61484375 0.1640625 0.2078125
43 0.15390625 0.91328125 0.1734375 0.1703125
43 0.24453125 0.14609375 0.1640625 0.1953125
222 0.82421875 0.08515625 0.1640625 0.1703125
221 0.0734375 0.16953125 0.146875 0.1921875
44 0.6359375 0.1015625 0.15 0.1984375
140 0.44453125 0.128125 0.2015625 0.2046875