141 0.1109375 0.5109375 0.221875 0.23125
44 0.5515625 0.61875 0.16875 0.2109375
141 0.89921875 0.4796875 0.1984375 0.24375
140 0.2078125 0.75546875 0.240625 0.25625
221 0.3890625 0.6875 0.171875 0.209375
222 0.7171875 0.5640625 0.2015625 0.2296875
43 0.26796875 0.94296875 0.2078125 0.1109375
43 0.1671875 0.21875 0.1984375 0.21875
222 0.7109375 0.05859375 0.196875 0.1171875
221 0.0484375 0.28515625 0.096875 0.2140625
44 0.5359375 0.0953125 0.1875 0.190625
140 0.35625 0.15234375 0.234375 0.2359375