222 0.66640625 0.11953125 0.1359375 0.175
221 0.10546875 0.37421875 0.1359375 0.1984375
222 0.67890625 0.6046875 0.13125 0.175
44 0.85546875 0.603125 0.125 0.184375
43 0.11875 0.62890625 0.1453125 0.190625
221 0.515625 0.61484375 0.1203125 0.196875
141 0.32734375 0.6234375 0.1953125 0.1953125
140 0.14921875 0.86875 0.1765625 0.1953125
44 0.0921875 0.13125 0.1390625 0.190625
140 0.86796875 0.10859375 0.1734375 0.1828125
141 0.4859375 0.121875 0.1765625 0.1890625
43 0.28515625 0.12890625 0.1265625 0.175