222 0.56953125 0.09609375 0.1734375 0.1921875
221 0.08828125 0.47265625 0.1765625 0.2234375
222 0.6984375 0.55859375 0.16875 0.1984375
44 0.86953125 0.5140625 0.1640625 0.20625
43 0.16171875 0.7171875 0.184375 0.215625
221 0.54296875 0.6078125 0.1625 0.2171875
141 0.3625 0.6609375 0.234375 0.234375
140 0.24921875 0.91328125 0.2171875 0.1703125
44 0.053125 0.24140625 0.10625 0.2171875
140 0.76328125 0.0703125 0.2109375 0.140625
141 0.3953125 0.13671875 0.2140625 0.2234375
43 0.20234375 0.1921875 0.1640625 0.1984375