222 0.82578125 0.2421875 0.1921875 0.2109375
221 0.2109375 0.203125 0.2015625 0.23125
222 0.60859375 0.6765625 0.1875 0.209375
44 0.765625 0.7578125 0.1859375 0.2140625
43 0.103125 0.43515625 0.2046875 0.2265625
221 0.46015625 0.609375 0.1875 0.2234375
141 0.28984375 0.528125 0.253125 0.253125
140 0.06796875 0.6609375 0.1359375 0.246875
44 0.31328125 0.0484375 0.2015625 0.096875
140 0.94609375 0.328125 0.1046875 0.234375
141 0.66484375 0.16015625 0.2328125 0.2390625
43 0.48515625 0.08828125 0.1859375 0.1765625