221 0.1796875 0.21015625 0.184375 0.2125
221 0.453125 0.5875 0.171875 0.2109375
43 0.090625 0.4484375 0.18125 0.209375
222 0.60859375 0.66171875 0.1828125 0.2140625
44 0.7640625 0.725 0.1765625 0.2171875
141 0.27578125 0.53046875 0.2203125 0.2328125
140 0.06953125 0.6703125 0.1390625 0.246875
222 0.8015625 0.20703125 0.1671875 0.196875
140 0.93125 0.278125 0.134375 0.221875
44 0.26640625 0.04765625 0.1796875 0.0953125
43 0.4453125 0.0859375 0.1875 0.171875
141 0.628125 0.14140625 0.2125 0.215625