221 0.175 0.21640625 0.18125 0.2109375
221 0.4546875 0.58828125 0.1703125 0.209375
43 0.08984375 0.45546875 0.1796875 0.2078125
222 0.61171875 0.66015625 0.18125 0.2140625
44 0.76796875 0.7203125 0.1734375 0.2171875
141 0.2765625 0.534375 0.21875 0.23125
140 0.0703125 0.67890625 0.140625 0.2453125
222 0.79609375 0.2015625 0.1640625 0.1953125
140 0.9296875 0.26953125 0.1375 0.2203125
44 0.2578125 0.05 0.178125 0.1
43 0.43671875 0.0859375 0.1859375 0.171875
141 0.621875 0.1390625 0.2109375 0.2140625