221 0.08515625 0.38046875 0.1390625 0.1859375
221 0.49609375 0.59921875 0.125 0.1890625
43 0.10625 0.634375 0.1421875 0.1796875
222 0.66875 0.59765625 0.1359375 0.1890625
44 0.8359375 0.5859375 0.1265625 0.1953125
141 0.3125 0.62578125 0.175 0.1953125
140 0.14609375 0.86171875 0.18125 0.2078125
222 0.6421875 0.1046875 0.1234375 0.1734375
140 0.83046875 0.09140625 0.1828125 0.1796875
44 0.06796875 0.14765625 0.1359375 0.1796875
43 0.26015625 0.134375 0.1421875 0.1796875
141 0.4578125 0.121875 0.171875 0.178125