44 0.08515625 0.5484375 0.1703125 0.225
141 0.2046875 0.753125 0.23125 0.2421875
221 0.5296875 0.6046875 0.1828125 0.20625
43 0.38046875 0.67734375 0.18125 0.203125
222 0.88671875 0.4421875 0.1921875 0.221875
140 0.71953125 0.52734375 0.2171875 0.2296875
44 0.28359375 0.9375 0.1859375 0.121875
221 0.31953125 0.16015625 0.184375 0.2046875
43 0.465625 0.09921875 0.190625 0.1984375
140 0.659375 0.05859375 0.225 0.1171875
222 0.02890625 0.32578125 0.0578125 0.2046875
141 0.153125 0.246875 0.228125 0.2375