143 0.55234375 0.13828125 0.171875 0.15625
46 0.10234375 0.11640625 0.146875 0.1640625
224 0.3078125 0.1296875 0.153125 0.1625
45 0.37890625 0.3125 0.1390625 0.184375
142 0.13203125 0.30234375 0.1765625 0.184375
45 0.2703125 0.54921875 0.146875 0.190625
223 0.0984375 0.5421875 0.13125 0.1890625
138 0.89296875 0.6171875 0.178125 0.1484375
224 0.4359375 0.60625 0.15625 0.1671875
46 0.64921875 0.6171875 0.171875 0.1640625
143 0.1359375 0.82109375 0.1796875 0.1515625
223 0.771875 0.10546875 0.159375 0.178125