224 0.85 0.28515625 0.1953125 0.1953125
143 0.47890625 0.0984375 0.2203125 0.196875
46 0.65546875 0.190625 0.203125 0.2046875
142 0.24453125 0.1703125 0.2328125 0.240625
45 0.42265625 0.26640625 0.203125 0.2109375
223 0.64921875 0.65625 0.1875 0.2140625
45 0.48515625 0.5734375 0.1796875 0.20625
142 0.3125 0.4921875 0.234375 0.234375
138 0.8078125 0.7796875 0.2078125 0.1984375
224 0.08671875 0.40859375 0.1734375 0.1921875
46 0.0671875 0.64296875 0.134375 0.2234375
223 0.33046875 0.02734375 0.1796875 0.0546875