224 0.7671875 0.1875 0.1671875 0.1671875
143 0.3546875 0.1203125 0.1953125 0.1671875
46 0.55234375 0.1578125 0.1734375 0.1765625
142 0.1546875 0.265625 0.1953125 0.209375
45 0.35390625 0.30234375 0.1703125 0.184375
223 0.690625 0.60234375 0.146875 0.1984375
45 0.50859375 0.57421875 0.140625 0.190625
142 0.31953125 0.55078125 0.2015625 0.2015625
138 0.87890625 0.67109375 0.18125 0.165625
224 0.0765625 0.5453125 0.153125 0.1625
46 0.09375 0.784375 0.1875 0.190625
223 0.17109375 0.06328125 0.1421875 0.1265625