143 0.28515625 0.19140625 0.1890625 0.1890625
224 0.70703125 0.12109375 0.1796875 0.1890625
46 0.4953125 0.16171875 0.1671875 0.1671875
223 0.07265625 0.421875 0.1453125 0.20625
142 0.27734375 0.3859375 0.203125 0.203125
142 0.14140625 0.66328125 0.1890625 0.221875
45 0.33984375 0.63203125 0.15 0.1984375
46 0.765625 0.60390625 0.1625 0.18125
143 0.553125 0.64453125 0.2078125 0.2015625
223 0.3671875 0.87421875 0.1484375 0.2015625
224 0.15 0.9328125 0.165625 0.13125
142 0.08046875 0.18828125 0.1609375 0.2140625