143 0.5078125 0.12421875 0.21875 0.2171875
224 0.88984375 0.31484375 0.2109375 0.215625
46 0.6953125 0.2234375 0.1921875 0.1921875
223 0.19921875 0.18359375 0.184375 0.21875
142 0.38671875 0.27734375 0.234375 0.234375
142 0.1140625 0.42109375 0.228125 0.246875
45 0.29296875 0.5125 0.1875 0.2140625
46 0.65390625 0.740625 0.19375 0.203125
143 0.4578125 0.6484375 0.2375 0.234375
223 0.17265625 0.72421875 0.1875 0.2171875
224 0.021875 0.665625 0.04375 0.20625
142 0.328125 0.05546875 0.234375 0.1109375