143 0.3875 0.1484375 0.203125 0.1734375
46 0.1359375 0.1109375 0.1640625 0.190625
142 0.134375 0.315625 0.2015625 0.221875
224 0.315625 0.37578125 0.1859375 0.196875
223 0.75078125 0.6578125 0.165625 0.2109375
45 0.3015625 0.58828125 0.1703125 0.1984375
143 0.51171875 0.66328125 0.196875 0.215625
46 0.06953125 0.59453125 0.1390625 0.2046875
142 0.08359375 0.81171875 0.1671875 0.2296875
224 0.24921875 0.8640625 0.184375 0.2109375
45 0.6296875 0.1359375 0.146875 0.19375
223 0.82265625 0.16953125 0.1625 0.2140625