143 0.1984375 0.28671875 0.2296875 0.2140625
46 0.0390625 0.40859375 0.078125 0.2171875
142 0.11015625 0.5734375 0.2203125 0.25625
224 0.278125 0.51171875 0.2234375 0.2296875
223 0.7953125 0.475 0.2109375 0.234375
45 0.39453125 0.68984375 0.2109375 0.225
143 0.6078125 0.6234375 0.240625 0.25
46 0.2015625 0.84296875 0.209375 0.228125
142 0.33671875 0.93984375 0.2546875 0.1171875
224 0.51875 0.91015625 0.228125 0.1765625
45 0.384375 0.13125 0.1890625 0.2125
223 0.56015625 0.08046875 0.2109375 0.1609375