142 0.40859375 0.1046875 0.1890625 0.20625
46 0.1484375 0.09375 0.16875 0.18125
143 0.81328125 0.228125 0.19375 0.1734375
224 0.57109375 0.18359375 0.1640625 0.18125
45 0.3171875 0.3125 0.1578125 0.196875
223 0.14453125 0.28125 0.1578125 0.2046875
223 0.4890625 0.58671875 0.153125 0.2046875
45 0.09140625 0.509375 0.159375 0.2109375
142 0.28984375 0.559375 0.2046875 0.2296875
41 0.88125 0.7015625 0.1421875 0.1578125
143 0.6703125 0.67578125 0.190625 0.1875
224 0.0859375 0.79296875 0.171875 0.1984375