144 0.10390625 0.44140625 0.2078125 0.2484375
47 0.90078125 0.41796875 0.1953125 0.2203125
144 0.70859375 0.47890625 0.234375 0.234375
225 0.5171875 0.5390625 0.203125 0.2125
144 0.14296875 0.653125 0.234375 0.2265625
225 0.34140625 0.59453125 0.19375 0.1984375
47 0.19140625 0.853125 0.20625 0.209375
144 0.38515625 0.11953125 0.2296875 0.228125
47 0.18359375 0.1828125 0.221875 0.21875
47 0.053125 0.23828125 0.10625 0.2109375
225 0.58203125 0.08984375 0.2140625 0.1796875
225 0.75859375 0.0625 0.2109375 0.125