47 0.18046875 0.184375 0.2109375 0.2140625
47 0.45859375 0.51171875 0.203125 0.209375
225 0.1046875 0.3859375 0.209375 0.215625
47 0.27734375 0.4515625 0.21875 0.2203125
144 0.64765625 0.59375 0.2453125 0.2453125
144 0.8515625 0.6734375 0.246875 0.24375
225 0.0703125 0.59453125 0.140625 0.2265625
225 0.8296875 0.190625 0.2171875 0.215625
225 0.95234375 0.259375 0.0921875 0.21875
47 0.25703125 0.04609375 0.2140625 0.0921875
144 0.446875 0.08359375 0.234375 0.1671875
144 0.64609375 0.134375 0.240625 0.225