47 0.14921875 0.21953125 0.1984375 0.203125
47 0.46015625 0.515625 0.190625 0.1984375
225 0.096875 0.42734375 0.19375 0.2046875
47 0.2734375 0.475 0.20625 0.209375
144 0.65703125 0.578125 0.2328125 0.23125
144 0.86796875 0.6359375 0.234375 0.2296875
225 0.0734375 0.64296875 0.146875 0.2171875
225 0.7953125 0.1578125 0.2046875 0.2046875
225 0.94140625 0.20703125 0.1140625 0.2078125
47 0.2046875 0.05703125 0.203125 0.1140625
144 0.40078125 0.084375 0.2234375 0.16875
144 0.60703125 0.12109375 0.2296875 0.2109375