47 0.08671875 0.49765625 0.1734375 0.2265625
47 0.35078125 0.59453125 0.2125 0.215625
47 0.83203125 0.3515625 0.2109375 0.2078125
225 0.67109375 0.43359375 0.20625 0.2078125
225 0.51171875 0.515625 0.2 0.2078125
144 0.17109375 0.69140625 0.2359375 0.2328125
144 0.2671875 0.86875 0.2390625 0.2265625
225 0.6640625 0.03359375 0.209375 0.0671875
225 0.315625 0.140625 0.215625 0.2203125
144 0.49296875 0.08671875 0.2421875 0.1734375
47 0.0421875 0.32109375 0.084375 0.2234375
144 0.1484375 0.234375 0.2390625 0.228125