47 0.11796875 0.2859375 0.1640625 0.1765625
47 0.3234375 0.51015625 0.1625 0.1671875
47 0.8625 0.53125 0.1640625 0.1578125
225 0.68203125 0.525 0.15625 0.1609375
225 0.50234375 0.51953125 0.1484375 0.165625
144 0.11953125 0.5078125 0.1828125 0.178125
144 0.1171875 0.709375 0.1921875 0.165625
225 0.90546875 0.10703125 0.1578125 0.165625
225 0.5125 0.09609375 0.1625 0.1734375
144 0.71015625 0.10546875 0.1875 0.1796875
47 0.12109375 0.0859375 0.184375 0.1625
144 0.32109375 0.09765625 0.190625 0.16875