47 0.2265625 0.15859375 0.2140625 0.221875
47 0.3328125 0.44375 0.209375 0.2125
47 0.82421875 0.66484375 0.2078125 0.203125
225 0.659375 0.59140625 0.2015625 0.2046875
225 0.49453125 0.51875 0.1953125 0.2046875
144 0.14453125 0.36484375 0.23125 0.228125
144 0.09296875 0.55078125 0.1859375 0.2234375
225 0.959375 0.28828125 0.078125 0.2109375
225 0.6625 0.13046875 0.2125 0.2171875
144 0.8421875 0.21328125 0.2375 0.2328125
47 0.3046875 0.04140625 0.228125 0.0828125
144 0.4859375 0.0859375 0.2375 0.171875