186 0.32578125 0.07265625 0.1578125 0.1453125
186 0.184375 0.0546875 0.1375 0.109375
119 0.8390625 0.221875 0.1953125 0.1765625
29 0.6625 0.171875 0.1609375 0.1453125
29 0.96328125 0.2703125 0.0703125 0.153125
119 0.4984375 0.128125 0.196875 0.178125
194 0.11953125 0.25078125 0.1578125 0.1890625
194 0.284375 0.3 0.1640625 0.1875
37 0.46015625 0.353125 0.190625 0.2078125
160 0.46640625 0.6046875 0.2109375 0.215625
160 0.0921875 0.49609375 0.184375 0.2046875
37 0.27578125 0.5546875 0.16875 0.1859375
186 0.625 0.92890625 0.15 0.1390625
119 0.4671875 0.89140625 0.1828125 0.1671875
186 0.2921875 0.84296875 0.1578125 0.171875
29 0.03359375 0.76015625 0.0671875 0.1671875
119 0.78828125 0.95234375 0.1859375 0.0921875
29 0.14609375 0.8109375 0.1546875 0.1515625