186 0.09453125 0.2765625 0.1640625 0.1578125
186 0.0171875 0.33515625 0.034375 0.1640625
119 0.5890625 0.0828125 0.20625 0.165625
29 0.41953125 0.14296875 0.16875 0.15625
29 0.7453125 0.04375 0.15625 0.0875
119 0.26484375 0.21171875 0.20625 0.1921875
194 0.0671875 0.54609375 0.134375 0.1984375
194 0.20625 0.48046875 0.178125 0.1953125
37 0.3765625 0.4109375 0.2046875 0.2171875
160 0.53984375 0.60234375 0.225 0.2265625
160 0.17421875 0.75859375 0.2109375 0.2140625
37 0.359375 0.68359375 0.18125 0.19375
186 0.871875 0.76015625 0.1578125 0.1609375
119 0.72109375 0.825 0.1921875 0.1796875
186 0.55390625 0.896875 0.16875 0.1796875
29 0.26796875 0.9671875 0.1640625 0.0625
119 0.96640625 0.7 0.0640625 0.178125
29 0.4203125 0.940625 0.165625 0.115625