186 0.2671875 0.1 0.14375 0.1328125
186 0.121875 0.07890625 0.121875 0.1453125
119 0.796875 0.17734375 0.1828125 0.1578125
29 0.61484375 0.15234375 0.15 0.1296875
29 0.9484375 0.203125 0.1 0.140625
119 0.446875 0.13203125 0.1828125 0.159375
194 0.08828125 0.30625 0.1390625 0.178125
194 0.25859375 0.33203125 0.146875 0.175
37 0.43984375 0.36015625 0.171875 0.1921875
160 0.48125 0.60859375 0.1921875 0.196875
160 0.0890625 0.5546875 0.178125 0.1875
37 0.28515625 0.58515625 0.1515625 0.171875
186 0.68515625 0.9140625 0.1359375 0.1390625
119 0.521875 0.8921875 0.1703125 0.15
186 0.34140625 0.86796875 0.1421875 0.159375
29 0.05 0.828125 0.1 0.15625
119 0.85234375 0.934375 0.1734375 0.128125
29 0.19296875 0.85703125 0.1421875 0.1375