141 0.19609375 0.24140625 0.2296875 0.246875
222 0.6765625 0.05859375 0.190625 0.1171875
140 0.06484375 0.3390625 0.1296875 0.24375
43 0.5203125 0.103125 0.215625 0.20625
221 0.37421875 0.1640625 0.2 0.225
44 0.09140625 0.5609375 0.1828125 0.215625
221 0.89609375 0.44453125 0.1875 0.2125
222 0.55390625 0.6140625 0.1984375 0.2171875
140 0.22265625 0.77890625 0.2421875 0.246875
141 0.734375 0.53203125 0.2515625 0.2515625
44 0.39296875 0.69921875 0.2015625 0.2203125
43 0.30078125 0.9453125 0.1984375 0.10625