141 0.296875 0.15625 0.1828125 0.2140625
222 0.82578125 0.09375 0.1453125 0.1875
140 0.09453125 0.18671875 0.1890625 0.2015625
43 0.65234375 0.1203125 0.1734375 0.1953125
221 0.490625 0.14140625 0.153125 0.2
44 0.08671875 0.42265625 0.153125 0.1890625
221 0.89296875 0.57578125 0.14375 0.1890625
222 0.5140625 0.62578125 0.15625 0.190625
140 0.14765625 0.6734375 0.1984375 0.2078125
141 0.71171875 0.60625 0.209375 0.209375
44 0.33359375 0.653125 0.159375 0.1921875
43 0.14921875 0.90546875 0.1546875 0.1859375