186 0.55625 0.33984375 0.1328125 0.128125
119 0.8921875 0.31328125 0.1734375 0.1546875
186 0.41640625 0.35625 0.11875 0.134375
29 0.07578125 0.38984375 0.140625 0.1421875
119 0.25546875 0.3765625 0.1703125 0.1328125
29 0.71328125 0.34140625 0.1390625 0.134375
194 0.478125 0.58046875 0.134375 0.1625
37 0.1015625 0.61796875 0.1375 0.1734375
160 0.30625 0.6046875 0.1734375 0.175
29 0.66875 0.5953125 0.140625 0.14375
194 0.3375 0.82421875 0.1453125 0.1765625
160 0.15703125 0.8421875 0.2015625 0.1890625
186 0.2046875 0.12265625 0.1375 0.1359375
119 0.37734375 0.1078125 0.171875 0.14375
119 0.56484375 0.09140625 0.1734375 0.13125
186 0.88359375 0.0671875 0.1328125 0.134375
29 0.7328125 0.0796875 0.1328125 0.125
29 0.0625 0.1390625 0.125 0.134375