186 0.48359375 0.33125 0.1640625 0.1625
119 0.7765625 0.16484375 0.2109375 0.203125
186 0.36328125 0.4046875 0.15625 0.1625
29 0.0796875 0.58046875 0.159375 0.1796875
119 0.22578125 0.49140625 0.1984375 0.184375
29 0.6265625 0.26640625 0.1734375 0.171875
194 0.5140625 0.58203125 0.18125 0.1921875
37 0.1890625 0.775 0.1890625 0.203125
160 0.36875 0.6765625 0.21875 0.2203125
29 0.69375 0.51484375 0.178125 0.1796875
194 0.48984375 0.8625 0.196875 0.209375
160 0.334375 0.915625 0.25 0.165625
186 0.08046875 0.28359375 0.1609375 0.1734375
119 0.22265625 0.19609375 0.2046875 0.1921875
119 0.3859375 0.10234375 0.2 0.1828125
29 0.534375 0.05078125 0.165625 0.1015625