186 0.59140625 0.35625 0.1375 0.1328125
119 0.91640625 0.40703125 0.1640625 0.1640625
186 0.45078125 0.340625 0.125 0.1390625
29 0.1109375 0.296875 0.1453125 0.1484375
119 0.28984375 0.32421875 0.1765625 0.140625
29 0.74375 0.39375 0.1453125 0.140625
194 0.46015625 0.5734375 0.140625 0.1671875
37 0.08515625 0.525 0.1453125 0.1796875
160 0.2875 0.55859375 0.1796875 0.1828125
29 0.64375 0.63046875 0.146875 0.15
194 0.26875 0.77890625 0.153125 0.1828125
160 0.09765625 0.75625 0.1953125 0.2
186 0.29765625 0.06953125 0.1453125 0.1390625
119 0.46875 0.08984375 0.178125 0.1515625
119 0.6546875 0.11640625 0.178125 0.1390625
186 0.95 0.1625 0.096875 0.14375
29 0.821875 0.14296875 0.1375 0.1296875
29 0.15078125 0.059375 0.1390625 0.11875