194 0.07265625 0.5046875 0.1453125 0.209375
37 0.403125 0.37734375 0.1875 0.2
37 0.221875 0.44765625 0.1796875 0.1984375
160 0.17734375 0.728125 0.21875 0.225
194 0.734375 0.76796875 0.1828125 0.2046875
37 0.57109375 0.83359375 0.1953125 0.2140625
194 0.40234375 0.8984375 0.1703125 0.1953125
37 0.24296875 0.9328125 0.1734375 0.13125
160 0.90703125 0.70625 0.1828125 0.23125
194 0.359375 0.13515625 0.1765625 0.190625
160 0.05234375 0.278125 0.1046875 0.2125
160 0.1921875 0.2046875 0.2171875 0.215625