119 0.66796875 0.13984375 0.18125 0.1484375
160 0.1484375 0.29296875 0.1921875 0.1796875
37 0.34375 0.32265625 0.1515625 0.184375
186 0.06796875 0.54375 0.1359375 0.140625
186 0.39375 0.58671875 0.128125 0.1296875
29 0.728125 0.634375 0.134375 0.134375
119 0.23828125 0.5765625 0.175 0.146875
119 0.5625 0.61640625 0.178125 0.140625
29 0.878125 0.65703125 0.140625 0.1390625
194 0.13125 0.0671875 0.140625 0.134375
37 0.30703125 0.0796875 0.1515625 0.159375
194 0.4734375 0.09609375 0.146875 0.1703125