194 0.065625 0.4 0.13125 0.178125
160 0.79609375 0.284375 0.1828125 0.1859375
194 0.39765625 0.3484375 0.1484375 0.165625
37 0.23359375 0.37578125 0.1453125 0.1734375
160 0.59140625 0.32265625 0.1796875 0.190625
160 0.13046875 0.63359375 0.1765625 0.178125
194 0.6625 0.55546875 0.15625 0.18125
160 0.3296875 0.61015625 0.1921875 0.1890625
37 0.503125 0.58359375 0.153125 0.175
194 0.128125 0.8703125 0.15625 0.1703125
37 0.31484375 0.84296875 0.146875 0.171875
37 0.0578125 0.178125 0.115625 0.178125