39 0.459375 0.14453125 0.13125 0.159375
196 0.07734375 0.36484375 0.11875 0.184375
173 0.26953125 0.3734375 0.1625 0.171875
137 0.096875 0.57421875 0.1609375 0.1625
193 0.63671875 0.82109375 0.1140625 0.1734375
36 0.28125 0.8203125 0.1203125 0.165625
196 0.79609375 0.8609375 0.1359375 0.18125
39 0.46171875 0.85625 0.13125 0.16875
173 0.09765625 0.85546875 0.1640625 0.15625
193 0.2796875 0.09609375 0.1125 0.1546875
137 0.1046875 0.09453125 0.16875 0.1640625
36 0.6515625 0.109375 0.1359375 0.1578125