39 0.26171875 0.16640625 0.140625 0.171875
29 0.2703125 0.38671875 0.1359375 0.121875
196 0.08828125 0.4125 0.134375 0.1765625
173 0.45546875 0.40078125 0.1734375 0.1796875
193 0.09296875 0.625 0.1296875 0.1578125
36 0.496875 0.61328125 0.134375 0.171875
137 0.29140625 0.63046875 0.1765625 0.175
173 0.871875 0.64140625 0.175 0.1921875
196 0.66640625 0.6515625 0.13125 0.1890625
39 0.11953125 0.9109375 0.1640625 0.1765625
193 0.0765625 0.125 0.1203125 0.165625
137 0.46484375 0.1171875 0.1875 0.1734375