39 0.22265625 0.1984375 0.159375 0.1875
29 0.2578125 0.415625 0.1484375 0.1359375
196 0.08046875 0.46328125 0.1546875 0.190625
173 0.44296875 0.40703125 0.19375 0.1984375
193 0.11171875 0.67421875 0.146875 0.171875
36 0.5109375 0.61328125 0.153125 0.1859375
137 0.30859375 0.65546875 0.1953125 0.19375
173 0.8859375 0.59453125 0.1953125 0.2109375
196 0.68359375 0.6296875 0.1515625 0.2015625
39 0.1734375 0.928125 0.184375 0.140625
193 0.0515625 0.17890625 0.103125 0.1796875
137 0.41875 0.12421875 0.20625 0.19375