196 0.03515625 0.33125 0.0703125 0.215625
39 0.140625 0.2625 0.1828125 0.203125
193 0.41796875 0.34921875 0.184375 0.2015625
36 0.2578125 0.42109375 0.1765625 0.2015625
173 0.1046875 0.53984375 0.209375 0.2203125
193 0.4859375 0.603125 0.16875 0.1953125
36 0.31796875 0.68046875 0.178125 0.20625
137 0.83984375 0.45859375 0.2328125 0.2328125
196 0.1625 0.78515625 0.1796875 0.2140625
39 0.66875 0.571875 0.2140625 0.21875
173 0.29921875 0.9359375 0.2515625 0.125
137 0.31484375 0.13515625 0.215625 0.215625