173 0.7609375 0.21796875 0.221875 0.21875
196 0.415625 0.08046875 0.175 0.1609375
137 0.378125 0.2484375 0.2078125 0.203125
39 0.184375 0.21015625 0.1953125 0.2078125
137 0.265625 0.4640625 0.215625 0.215625
193 0.0890625 0.38359375 0.178125 0.1875
119 0.603125 0.64140625 0.2015625 0.1890625
39 0.40625 0.57890625 0.196875 0.20625
36 0.16953125 0.68125 0.1703125 0.190625
196 0.04296875 0.63515625 0.0859375 0.2046875
36 0.59765625 0.1046875 0.2015625 0.209375
193 0.290625 0.02890625 0.16875 0.0578125