187 0.60078125 0.1609375 0.2046875 0.209375
30 0.91171875 0.29921875 0.1734375 0.1859375
120 0.171875 0.25078125 0.2265625 0.203125
189 0.07734375 0.43515625 0.1546875 0.1953125
122 0.6140625 0.64921875 0.209375 0.21875
32 0.228125 0.50234375 0.184375 0.2234375
120 0.409375 0.6078125 0.2328125 0.2109375
30 0.7875 0.75703125 0.2015625 0.1953125
30 0.040625 0.7015625 0.08125 0.19375
189 0.75703125 0.18046875 0.16875 0.2015625
122 0.26484375 0.05078125 0.2140625 0.1015625
32 0.4359375 0.08203125 0.1875 0.1640625