187 0.315625 0.1984375 0.2140625 0.2171875
30 0.6328125 0.07421875 0.203125 0.1484375
120 0.10625 0.578125 0.2125 0.215625
189 0.1609375 0.7796875 0.184375 0.1984375
122 0.6875 0.51484375 0.2203125 0.2265625
32 0.31953125 0.70390625 0.196875 0.2265625
120 0.51953125 0.6390625 0.2390625 0.221875
30 0.8828125 0.45859375 0.2078125 0.203125
30 0.303125 0.95859375 0.20625 0.0796875
189 0.434375 0.09921875 0.18125 0.1984375
122 0.0390625 0.33671875 0.078125 0.2234375
32 0.13203125 0.2546875 0.196875 0.2078125