187 0.04921875 0.3171875 0.0984375 0.2
120 0.196875 0.25 0.234375 0.221875
30 0.09921875 0.53359375 0.1984375 0.1921875
189 0.86953125 0.4953125 0.2046875 0.228125
32 0.7078125 0.56796875 0.1796875 0.2328125
120 0.37109375 0.70859375 0.228125 0.215625
30 0.17734375 0.7796875 0.1953125 0.1953125
187 0.55390625 0.65234375 0.1984375 0.1921875
122 0.2515625 0.9265625 0.228125 0.14375
122 0.55546875 0.08984375 0.2171875 0.1796875
189 0.73046875 0.05625 0.1796875 0.1125
32 0.3546875 0.14765625 0.196875 0.209375