187 0.24140625 0.0671875 0.2046875 0.134375
120 0.4359375 0.1140625 0.240625 0.228125
30 0.171875 0.259375 0.2109375 0.1953125
189 0.78203125 0.73828125 0.2109375 0.2328125
32 0.61171875 0.6875 0.1875 0.2359375
120 0.265625 0.57265625 0.2328125 0.221875
30 0.08671875 0.49921875 0.1734375 0.2015625
187 0.440625 0.65078125 0.2015625 0.196875
122 0.059375 0.69453125 0.11875 0.2421875
122 0.82578125 0.2078125 0.2203125 0.2296875
189 0.95078125 0.27890625 0.0953125 0.2109375
32 0.621875 0.1390625 0.203125 0.2140625