187 0.92109375 0.23828125 0.1546875 0.1796875
30 0.75234375 0.19375 0.1984375 0.203125
120 0.1484375 0.28671875 0.221875 0.190625
189 0.24375 0.5234375 0.1515625 0.1859375
32 0.42734375 0.578125 0.1765625 0.2078125
187 0.80078125 0.71328125 0.1875 0.178125
30 0.08828125 0.5203125 0.1765625 0.1875
120 0.6125 0.6703125 0.215625 0.1921875
122 0.06484375 0.7265625 0.1296875 0.225
122 0.396875 0.0828125 0.209375 0.165625
32 0.20546875 0.05546875 0.1609375 0.1109375
189 0.56875 0.11171875 0.1625 0.19375