32 0.2703125 0.0453125 0.184375 0.090625
189 0.78046875 0.215625 0.18125 0.2015625
120 0.44609375 0.10859375 0.2234375 0.1953125
187 0.6234375 0.18828125 0.190625 0.1875
30 0.1671875 0.2453125 0.2078125 0.1953125
32 0.75703125 0.73828125 0.2046875 0.2234375
32 0.084375 0.44375 0.16875 0.2125
187 0.3984375 0.62109375 0.19375 0.1890625
30 0.23828125 0.5515625 0.215625 0.2078125
120 0.578125 0.70625 0.2265625 0.2140625
122 0.0484375 0.66171875 0.096875 0.2265625
122 0.9234375 0.2921875 0.15 0.234375