32 0.15234375 0.0765625 0.1546875 0.153125
189 0.703125 0.15625 0.153125 0.184375
120 0.353125 0.1328125 0.20625 0.1609375
187 0.54453125 0.1671875 0.16875 0.1640625
30 0.11484375 0.33359375 0.1859375 0.165625
32 0.80703125 0.66953125 0.1734375 0.2015625
32 0.0765625 0.5484375 0.153125 0.19375
187 0.43046875 0.6421875 0.171875 0.1640625
30 0.25859375 0.6140625 0.190625 0.1796875
120 0.62578125 0.68125 0.2046875 0.1828125
122 0.06796875 0.78125 0.1359375 0.203125
122 0.8984375 0.18671875 0.1953125 0.20625