189 0.93046875 0.2109375 0.1359375 0.190625
32 0.1859375 0.0765625 0.171875 0.153125
122 0.58359375 0.13984375 0.190625 0.196875
30 0.77578125 0.21484375 0.1890625 0.171875
120 0.3828125 0.1359375 0.2125 0.1734375
187 0.13359375 0.31015625 0.1796875 0.178125
32 0.08515625 0.52265625 0.1625 0.20625
189 0.25546875 0.56015625 0.1515625 0.1890625
122 0.64375 0.64609375 0.1859375 0.2
120 0.44453125 0.63359375 0.215625 0.190625
30 0.8375 0.72890625 0.18125 0.1734375
187 0.0640625 0.784375 0.128125 0.18125