189 0.8859375 0.1453125 0.1234375 0.175
32 0.1203125 0.10859375 0.146875 0.1796875
122 0.5265625 0.13125 0.1671875 0.1765625
30 0.72734375 0.17578125 0.171875 0.1484375
120 0.32734375 0.15859375 0.1953125 0.146875
187 0.10859375 0.3703125 0.159375 0.15625
32 0.09375 0.5875 0.1375 0.190625
189 0.26796875 0.59765625 0.128125 0.175
122 0.66484375 0.621875 0.1625 0.1796875
120 0.46640625 0.640625 0.196875 0.1640625
30 0.86953125 0.6734375 0.1625 0.1515625
187 0.08515625 0.85390625 0.1703125 0.1578125