30 0.92265625 0.2875 0.1515625 0.190625
120 0.7640625 0.21796875 0.2203125 0.2015625
122 0.19453125 0.1875 0.2171875 0.225
122 0.0984375 0.41953125 0.196875 0.2296875
189 0.78125 0.715625 0.16875 0.1984375
32 0.4546875 0.58046875 0.1875 0.215625
187 0.62109375 0.6890625 0.2078125 0.2015625
120 0.28125 0.54609375 0.234375 0.221875
30 0.04140625 0.6734375 0.0828125 0.196875
32 0.575 0.09921875 0.190625 0.1984375
188 0.2578125 0.02734375 0.178125 0.0546875
189 0.41015625 0.06171875 0.1796875 0.1234375