187 0.93515625 0.3015625 0.1265625 0.221875
30 0.6484375 0.165625 0.21875 0.2015625
120 0.28515625 0.0578125 0.2328125 0.115625
122 0.20546875 0.20234375 0.2265625 0.23125
122 0.59765625 0.63515625 0.25 0.25625
189 0.08125 0.42109375 0.1625 0.2109375
32 0.40078125 0.56484375 0.196875 0.2203125
187 0.22734375 0.5328125 0.2203125 0.225
30 0.78203125 0.77109375 0.23125 0.23125
120 0.0609375 0.70859375 0.121875 0.2234375
32 0.4796875 0.07890625 0.203125 0.1578125
189 0.81484375 0.19296875 0.184375 0.2078125