31 0.55546875 0.34921875 0.203125 0.2203125
38 0.21484375 0.18828125 0.1984375 0.2265625
172 0.884375 0.51796875 0.228125 0.2421875
188 0.71015625 0.43046875 0.1828125 0.1953125
121 0.39609375 0.27890625 0.2078125 0.2140625
195 0.096875 0.3953125 0.19375 0.215625
38 0.571875 0.628125 0.1828125 0.2109375
188 0.2484375 0.47734375 0.1875 0.209375
31 0.40078125 0.55390625 0.1890625 0.2078125
172 0.0671875 0.6171875 0.134375 0.228125
121 0.20703125 0.7125 0.225 0.2265625
195 0.3078125 0.0390625 0.1875 0.078125