172 0.08359375 0.15625 0.1671875 0.19375
121 0.79609375 0.33203125 0.19375 0.2
38 0.43359375 0.3578125 0.15 0.1875
195 0.0671875 0.38671875 0.134375 0.1921875
188 0.60390625 0.3484375 0.1453125 0.2
31 0.25234375 0.38203125 0.140625 0.190625
38 0.09453125 0.6296875 0.146875 0.1921875
195 0.3109375 0.846875 0.1421875 0.1921875
188 0.490625 0.8390625 0.1484375 0.1703125
121 0.671875 0.8296875 0.1828125 0.178125
172 0.13515625 0.86953125 0.1671875 0.2015625
31 0.87265625 0.8203125 0.1421875 0.1796875