38 0.1125 0.32265625 0.1828125 0.2234375
121 0.09296875 0.5875 0.1859375 0.19375
172 0.3078125 0.6140625 0.196875 0.2140625
195 0.41328125 0.86875 0.1546875 0.2015625
38 0.0609375 0.82890625 0.121875 0.2046875
188 0.60234375 0.89765625 0.1859375 0.2015625
31 0.240625 0.8578125 0.1734375 0.1984375
172 0.1515625 0.08828125 0.19375 0.1765625
195 0.521875 0.1203125 0.16875 0.2
188 0.3375 0.09921875 0.15 0.19375
121 0.90546875 0.17109375 0.1859375 0.2015625
31 0.69921875 0.14609375 0.1640625 0.196875