38 0.153125 0.2515625 0.2140625 0.24375
121 0.09453125 0.50703125 0.1890625 0.2171875
172 0.28984375 0.57578125 0.2265625 0.2390625
195 0.34453125 0.8453125 0.184375 0.21875
38 0.04140625 0.73515625 0.0828125 0.2234375
188 0.525 0.89765625 0.2125 0.2015625
31 0.1765625 0.8015625 0.2015625 0.21875
172 0.2390625 0.06484375 0.221875 0.1296875
195 0.59453125 0.13125 0.196875 0.21875
188 0.41796875 0.09140625 0.1796875 0.1828125
121 0.9265625 0.2546875 0.14375 0.228125
31 0.76328125 0.190625 0.1921875 0.215625