31 0.1421875 0.27578125 0.19375 0.2140625
38 0.08359375 0.5109375 0.1671875 0.228125
188 0.240625 0.56015625 0.16875 0.2
121 0.4359375 0.6140625 0.2140625 0.2203125
172 0.8359375 0.72421875 0.21875 0.25
31 0.63359375 0.67265625 0.190625 0.209375
195 0.03359375 0.746875 0.0671875 0.209375
195 0.60625 0.128125 0.184375 0.2078125
38 0.9328125 0.22421875 0.13125 0.2171875
121 0.425 0.09765625 0.221875 0.1953125
188 0.7703125 0.1796875 0.1859375 0.2140625
172 0.21328125 0.07265625 0.2109375 0.1453125