195 0.24453125 0.3734375 0.1453125 0.1890625
38 0.0734375 0.39921875 0.146875 0.1984375
188 0.4203125 0.35234375 0.146875 0.1765625
38 0.11171875 0.6484375 0.1625 0.2125
195 0.509375 0.8328125 0.1484375 0.203125
188 0.3421875 0.86015625 0.1484375 0.1953125
172 0.1609375 0.8859375 0.1859375 0.1984375
31 0.9015625 0.78671875 0.159375 0.2
121 0.715625 0.81953125 0.1828125 0.2046875
172 0.459375 0.1015625 0.190625 0.203125
121 0.078125 0.16796875 0.15625 0.1953125
31 0.259375 0.14453125 0.165625 0.2015625