195 0.23671875 0.39140625 0.15625 0.1953125
38 0.0734375 0.43046875 0.146875 0.2046875
188 0.41015625 0.35859375 0.15625 0.1828125
38 0.12265625 0.675 0.1734375 0.2203125
195 0.5328125 0.83203125 0.159375 0.209375
188 0.36796875 0.8703125 0.159375 0.2015625
172 0.1890625 0.9015625 0.196875 0.19375
31 0.91640625 0.7578125 0.1640625 0.209375
121 0.73671875 0.803125 0.1921875 0.2140625
172 0.43203125 0.10546875 0.2015625 0.2109375
121 0.0703125 0.2 0.140625 0.20625
31 0.23515625 0.1625 0.1765625 0.2078125