191 0.37421875 0.09375 0.18125 0.184375
34 0.9203125 0.21640625 0.15625 0.1765625
124 0.17734375 0.07421875 0.1890625 0.1484375
123 0.153125 0.23046875 0.1875 0.203125
33 0.08359375 0.46328125 0.1625 0.1984375
123 0.6984375 0.5953125 0.2046875 0.2078125
119 0.8859375 0.65859375 0.18125 0.1515625
34 0.2421875 0.54296875 0.1796875 0.18125
191 0.4421875 0.58828125 0.1796875 0.1828125
190 0.0796875 0.69453125 0.159375 0.1859375
190 0.5921875 0.09453125 0.153125 0.178125
33 0.77890625 0.1421875 0.1609375 0.1984375