191 0.41015625 0.09140625 0.1921875 0.1828125
34 0.9296875 0.2546875 0.1375 0.1875
124 0.21796875 0.06328125 0.1984375 0.1265625
123 0.178125 0.2015625 0.1984375 0.2125
33 0.08828125 0.42734375 0.175 0.2046875
123 0.68984375 0.61171875 0.215625 0.21875
119 0.8703125 0.69140625 0.1875 0.1609375
34 0.23984375 0.5203125 0.1890625 0.190625
191 0.434375 0.5828125 0.190625 0.1921875
190 0.07421875 0.65546875 0.1484375 0.1953125
190 0.62734375 0.1046875 0.1640625 0.184375
33 0.809375 0.16796875 0.1734375 0.2046875