45 0.81640625 0.20546875 0.1640625 0.2015625
223 0.42578125 0.0890625 0.1609375 0.178125
138 0.94921875 0.303125 0.0984375 0.178125
143 0.596875 0.1796875 0.1984375 0.1921875
224 0.21015625 0.07890625 0.1859375 0.1578125
46 0.175 0.28125 0.175 0.1765625
142 0.340625 0.53671875 0.2078125 0.2171875
143 0.1046875 0.50078125 0.203125 0.190625
46 0.49453125 0.63203125 0.171875 0.18125
224 0.6828125 0.69609375 0.1984375 0.178125
45 0.05859375 0.66640625 0.1171875 0.1984375
223 0.221875 0.73125 0.1796875 0.209375