191 0.39453125 0.0953125 0.2109375 0.190625
124 0.9484375 0.33046875 0.1 0.1953125
34 0.16875 0.2421875 0.20625 0.2015625
190 0.84921875 0.72109375 0.184375 0.2109375
33 0.68828125 0.6640625 0.19375 0.2265625
123 0.49765625 0.59140625 0.2140625 0.2203125
191 0.078125 0.45078125 0.15625 0.1953125
34 0.26015625 0.5390625 0.20625 0.221875
124 0.0640625 0.68046875 0.128125 0.2046875
190 0.2609375 0.04140625 0.178125 0.0828125
33 0.64140625 0.13828125 0.1921875 0.209375
123 0.8171875 0.21328125 0.2125 0.2265625