191 0.23359375 0.1625 0.1640625 0.171875
124 0.88671875 0.140625 0.1609375 0.1515625
34 0.0921875 0.39921875 0.165625 0.1578125
190 0.909375 0.56015625 0.134375 0.18125
33 0.73828125 0.5734375 0.1390625 0.1953125
123 0.53515625 0.58515625 0.165625 0.1796875
191 0.08046875 0.6328125 0.14375 0.1578125
34 0.296875 0.6328125 0.15625 0.184375
124 0.1359375 0.86015625 0.171875 0.1578125
190 0.07109375 0.1234375 0.1296875 0.1703125
33 0.48203125 0.1125 0.1453125 0.1734375
123 0.6734375 0.109375 0.1625 0.1859375