124 0.23828125 0.16953125 0.1828125 0.1734375
190 0.115625 0.37890625 0.165625 0.1796875
33 0.696875 0.50234375 0.1765625 0.209375
190 0.3046875 0.58046875 0.1484375 0.2015625
123 0.128125 0.6171875 0.203125 0.20625
124 0.8984375 0.5078125 0.178125 0.178125
34 0.48671875 0.58984375 0.1890625 0.2078125
191 0.14375 0.88515625 0.1703125 0.1640625
123 0.4640625 0.0921875 0.184375 0.184375
33 0.66171875 0.07265625 0.1609375 0.1453125
29 0.84453125 0.06015625 0.1484375 0.1203125
191 0.0484375 0.21015625 0.096875 0.1921875