191 0.23671875 0.1546875 0.1328125 0.1609375
124 0.87265625 0.15078125 0.1609375 0.1703125
34 0.45546875 0.16015625 0.1515625 0.1359375
123 0.11796875 0.340625 0.1640625 0.175
190 0.48984375 0.56484375 0.140625 0.16875
123 0.8890625 0.559375 0.165625 0.1890625
33 0.6828125 0.56640625 0.134375 0.165625
34 0.0875 0.61484375 0.1421875 0.1609375
191 0.29296875 0.61171875 0.1515625 0.1625
124 0.12734375 0.84375 0.165625 0.16875
190 0.078125 0.11484375 0.121875 0.1640625
33 0.67890625 0.10546875 0.1421875 0.1734375