191 0.31484375 0.10703125 0.1578125 0.18125
124 0.92109375 0.23671875 0.1546875 0.1953125
34 0.52734375 0.15859375 0.171875 0.159375
123 0.159375 0.26484375 0.190625 0.2
190 0.4765625 0.56171875 0.1671875 0.1890625
123 0.86875 0.6390625 0.1953125 0.2140625
33 0.66484375 0.603125 0.159375 0.1859375
34 0.07890625 0.5265625 0.1578125 0.184375
191 0.275 0.56640625 0.1765625 0.184375
124 0.08046875 0.76015625 0.1609375 0.1953125
190 0.16875 0.0640625 0.15 0.128125
33 0.75703125 0.1515625 0.16875 0.19375