191 0.196875 0.1890625 0.1515625 0.1765625
124 0.82734375 0.1078125 0.1796875 0.1875
34 0.41484375 0.16796875 0.1671875 0.153125
123 0.1015625 0.3890625 0.1828125 0.1921875
190 0.4984375 0.565625 0.159375 0.1828125
123 0.89375 0.51171875 0.1875 0.2078125
33 0.6890625 0.54375 0.153125 0.1796875
34 0.1046875 0.6640625 0.1609375 0.1765625
191 0.30859375 0.6359375 0.16875 0.178125
124 0.171875 0.88671875 0.184375 0.1875
190 0.053125 0.16953125 0.10625 0.1796875
33 0.6296875 0.09140625 0.1625 0.1828125