191 0.50390625 0.1234375 0.20625 0.215625
124 0.73359375 0.0796875 0.2359375 0.159375
34 0.04609375 0.3359375 0.0921875 0.190625
123 0.0984375 0.48984375 0.196875 0.2109375
123 0.72578125 0.484375 0.215625 0.23125
33 0.16015625 0.7171875 0.18125 0.203125
190 0.90078125 0.41875 0.19375 0.2109375
34 0.33359375 0.69296875 0.1890625 0.19375
191 0.52890625 0.615625 0.1890625 0.1875
124 0.2796875 0.92890625 0.215625 0.1390625
190 0.3453125 0.13828125 0.1703125 0.20625
33 0.1703125 0.21328125 0.2046875 0.215625