191 0.03828125 0.31171875 0.0765625 0.1796875
124 0.734375 0.08046875 0.21875 0.1609375
34 0.521875 0.1359375 0.1828125 0.1984375
123 0.0921875 0.475 0.184375 0.209375
190 0.1296875 0.69375 0.1671875 0.1921875
123 0.903125 0.43046875 0.190625 0.2234375
191 0.28984375 0.68671875 0.1875 0.1875
124 0.51171875 0.6109375 0.2171875 0.1890625
34 0.709375 0.55390625 0.1953125 0.1953125
33 0.21484375 0.89765625 0.1734375 0.203125
33 0.34296875 0.1484375 0.1890625 0.2
190 0.16484375 0.2125 0.1921875 0.203125