191 0.06640625 0.17890625 0.1328125 0.1515625
124 0.84609375 0.13828125 0.1828125 0.1671875
34 0.62109375 0.15546875 0.146875 0.16875
123 0.1078125 0.36171875 0.15625 0.1765625
190 0.090625 0.584375 0.1296875 0.1671875
123 0.91484375 0.5453125 0.1640625 0.1890625
191 0.246875 0.62109375 0.1546875 0.1546875
124 0.48046875 0.609375 0.1890625 0.1453125
34 0.68671875 0.61015625 0.1609375 0.1609375
33 0.11640625 0.803125 0.1328125 0.178125
33 0.4453125 0.11875 0.153125 0.1703125
190 0.25703125 0.13125 0.1546875 0.171875