192 0.171875 0.20546875 0.2046875 0.2
192 0.70859375 0.57421875 0.190625 0.20625
125 0.521875 0.53046875 0.2203125 0.1984375
35 0.3296875 0.4796875 0.1984375 0.190625
35 0.884375 0.628125 0.215625 0.1984375
125 0.13515625 0.43046875 0.2171875 0.19375
192 0.08203125 0.6140625 0.1640625 0.1875
192 0.22578125 0.06015625 0.2046875 0.1203125
35 0.60546875 0.1203125 0.2125 0.2359375
125 0.79921875 0.175 0.2234375 0.1953125
125 0.41328125 0.090625 0.2203125 0.18125
35 0.94375 0.22890625 0.109375 0.2015625