192 0.0828125 0.41640625 0.165625 0.2140625
35 0.6703125 0.45546875 0.2046875 0.20625
192 0.32578125 0.559375 0.196875 0.2046875
125 0.8671875 0.4046875 0.2421875 0.2109375
125 0.146875 0.61640625 0.21875 0.2140625
192 0.49765625 0.51875 0.1984375 0.19375
35 0.196875 0.825 0.2203125 0.2203125
125 0.23359375 0.15625 0.2234375 0.2140625
192 0.77265625 0.05078125 0.2015625 0.1015625
125 0.06953125 0.2203125 0.1390625 0.190625
35 0.61171875 0.08046875 0.2015625 0.1609375
35 0.4234375 0.1109375 0.2203125 0.2109375