223 0.18203125 0.2234375 0.1640625 0.190625
45 0.51484375 0.09296875 0.1921875 0.1859375
138 0.70859375 0.05546875 0.2046875 0.1109375
143 0.0578125 0.34140625 0.115625 0.2140625
224 0.340625 0.19765625 0.184375 0.1859375
46 0.0984375 0.5515625 0.19375 0.1921875
45 0.53203125 0.55703125 0.184375 0.2109375
142 0.3609375 0.63828125 0.203125 0.2203125
219 0.8828125 0.44140625 0.1546875 0.1734375
46 0.1671875 0.77734375 0.196875 0.190625
224 0.70546875 0.53828125 0.1890625 0.1953125
143 0.3140625 0.91875 0.209375 0.159375