223 0.390625 0.09296875 0.134375 0.178125
45 0.74765625 0.1578125 0.159375 0.19375
138 0.92421875 0.21796875 0.1484375 0.1578125
143 0.1828125 0.0953125 0.1828125 0.1875
224 0.53671875 0.1609375 0.1609375 0.1640625
46 0.13828125 0.31796875 0.1703125 0.16875
45 0.49453125 0.56484375 0.1515625 0.1953125
142 0.30703125 0.53671875 0.171875 0.2
219 0.85 0.665625 0.1296875 0.159375
46 0.07890625 0.54375 0.1578125 0.165625
224 0.6484375 0.646875 0.1640625 0.1734375
143 0.096875 0.76328125 0.18125 0.184375