125 0.13828125 0.28046875 0.2234375 0.171875
125 0.50390625 0.51953125 0.1953125 0.1796875
35 0.3 0.5046875 0.1828125 0.1796875
192 0.6953125 0.54140625 0.171875 0.1875
35 0.1109375 0.49296875 0.1796875 0.1765625
125 0.88984375 0.5640625 0.1953125 0.1828125
192 0.09140625 0.703125 0.1828125 0.18125
192 0.9109375 0.13359375 0.1734375 0.165625
35 0.515625 0.103125 0.1890625 0.178125
192 0.3328125 0.08671875 0.1640625 0.165625
35 0.153125 0.08203125 0.184375 0.1640625
125 0.71484375 0.12578125 0.203125 0.1734375