125 0.10234375 0.4546875 0.2046875 0.21875
125 0.51171875 0.515625 0.2265625 0.215625
35 0.3203125 0.5890625 0.215625 0.2140625
192 0.69453125 0.4546875 0.2078125 0.21875
35 0.14453125 0.6578125 0.2109375 0.209375
125 0.88046875 0.39296875 0.228125 0.2203125
192 0.21015625 0.8578125 0.221875 0.215625
192 0.7171875 0.046875 0.203125 0.09375
35 0.346875 0.13359375 0.2203125 0.2140625
192 0.17421875 0.19609375 0.1953125 0.1953125
35 0.05703125 0.2625 0.1140625 0.209375
125 0.5375 0.0890625 0.234375 0.178125