125 0.2015625 0.2140625 0.2265625 0.20625
192 0.43125 0.5234375 0.215625 0.2125
125 0.80078125 0.64765625 0.2390625 0.2265625
35 0.24921875 0.47421875 0.2171875 0.2125
192 0.6046875 0.590625 0.2109375 0.21875
29 0.0828125 0.45 0.15 0.1421875
125 0.09453125 0.634375 0.1890625 0.240625
192 0.8140625 0.19296875 0.2140625 0.2171875
125 0.265625 0.0671875 0.24375 0.134375
35 0.4578125 0.09609375 0.2125 0.1921875
192 0.6328125 0.14140625 0.2265625 0.2203125
35 0.94609375 0.26328125 0.1046875 0.2203125