125 0.22265625 0.19375 0.2328125 0.2140625
192 0.4296875 0.51875 0.221875 0.2203125
125 0.78984375 0.66875 0.2453125 0.234375
35 0.2515625 0.45703125 0.2234375 0.2203125
192 0.59765625 0.59765625 0.21875 0.225
29 0.08671875 0.42109375 0.1546875 0.1484375
125 0.0921875 0.60390625 0.184375 0.2484375
192 0.83515625 0.215625 0.2203125 0.225
125 0.3 0.06171875 0.25 0.1234375
35 0.48828125 0.096875 0.2203125 0.19375
192 0.6578125 0.1515625 0.234375 0.228125
35 0.95234375 0.29921875 0.0921875 0.2265625