125 0.1453125 0.28828125 0.2015625 0.171875
192 0.43828125 0.53828125 0.1859375 0.1828125
125 0.8265625 0.5765625 0.209375 0.190625
35 0.25 0.53125 0.1875 0.18125
192 0.621875 0.56484375 0.178125 0.190625
29 0.08203125 0.5453125 0.13125 0.1203125
125 0.10703125 0.72890625 0.2140625 0.2046875
192 0.73671875 0.13046875 0.1828125 0.1875
125 0.1640625 0.090625 0.2125 0.18125
35 0.36484375 0.10078125 0.1796875 0.1921875
192 0.54921875 0.12109375 0.196875 0.1875
35 0.92109375 0.15625 0.1546875 0.190625