26 0.1625 0.07109375 0.15625 0.1421875
116 0.77421875 0.17265625 0.1640625 0.1765625
26 0.4625 0.1125 0.1359375 0.1640625
15 0.621875 0.14609375 0.1421875 0.1921875
15 0.31015625 0.09375 0.128125 0.1734375
97 0.834375 0.45 0.1671875 0.159375
7 0.2546875 0.34453125 0.1359375 0.1453125
18 0.11015625 0.31640625 0.1453125 0.171875
97 0.54609375 0.4015625 0.1640625 0.140625
18 0.684375 0.428125 0.1375 0.1515625
7 0.4015625 0.37734375 0.1390625 0.1484375
97 0.36171875 0.6203125 0.165625 0.1484375
7 0.64140625 0.67578125 0.1390625 0.1421875
18 0.06796875 0.5640625 0.1359375 0.146875
97 0.2046875 0.59296875 0.1515625 0.1453125
7 0.5046875 0.6515625 0.1359375 0.1375
18 0.790625 0.7171875 0.1390625 0.1390625
116 0.171875 0.8046875 0.16875 0.1796875
15 0.6484375 0.8984375 0.146875 0.184375
116 0.48515625 0.86953125 0.165625 0.1921875
15 0.32578125 0.83984375 0.15 0.1875
26 0.80078125 0.92109375 0.1421875 0.1546875
26 0.04921875 0.7890625 0.0984375 0.175
116 0.92421875 0.196875 0.1484375 0.18125