26 0.178125 0.065625 0.159375 0.13125
116 0.7859375 0.1828125 0.1671875 0.18125
26 0.47578125 0.1109375 0.140625 0.1671875
15 0.634375 0.15 0.146875 0.19375
15 0.325 0.08828125 0.134375 0.1765625
97 0.8359375 0.46171875 0.1703125 0.1640625
7 0.26015625 0.33671875 0.1390625 0.1484375
18 0.11640625 0.303125 0.1484375 0.1734375
97 0.54921875 0.403125 0.1671875 0.1453125
18 0.68671875 0.43515625 0.140625 0.1546875
7 0.40546875 0.37421875 0.14375 0.1515625
97 0.3578125 0.615625 0.16875 0.1515625
7 0.63515625 0.68046875 0.1421875 0.1453125
18 0.06796875 0.5484375 0.1359375 0.15
97 0.2015625 0.5828125 0.1546875 0.1484375
7 0.49921875 0.6515625 0.1390625 0.140625
18 0.7828125 0.72734375 0.1421875 0.1421875
116 0.16171875 0.79296875 0.1734375 0.184375
15 0.634375 0.903125 0.1515625 0.1875
116 0.47265625 0.86875 0.1703125 0.1953125
15 0.3140625 0.83359375 0.1546875 0.190625
26 0.7859375 0.92578125 0.146875 0.1453125
26 0.0453125 0.771875 0.090625 0.178125
116 0.928125 0.2125 0.140625 0.184375