26 0.04375 0.22734375 0.0875 0.1859375
116 0.61875 0.090625 0.16875 0.18125
26 0.3078125 0.1609375 0.140625 0.1671875
15 0.4671875 0.1265625 0.146875 0.19375
15 0.1609375 0.20625 0.1328125 0.1765625
97 0.78515625 0.31875 0.1703125 0.1640625
7 0.2125 0.4578125 0.1390625 0.1484375
18 0.071875 0.4921875 0.14375 0.175
97 0.50234375 0.39140625 0.1671875 0.1453125
18 0.6390625 0.359375 0.140625 0.1546875
7 0.36015625 0.428125 0.14375 0.1515625
97 0.42265625 0.66640625 0.16875 0.1515625
7 0.70078125 0.603125 0.1421875 0.1453125
18 0.1265625 0.7359375 0.1484375 0.1484375
97 0.26796875 0.7046875 0.1546875 0.1484375
7 0.565625 0.6359375 0.1390625 0.140625
18 0.85390625 0.58046875 0.1421875 0.1421875
116 0.325 0.90859375 0.175 0.1796875
15 0.79765625 0.803125 0.1515625 0.1875
116 0.63671875 0.84375 0.1703125 0.1953125
15 0.47890625 0.88203125 0.1546875 0.190625
26 0.93828125 0.775 0.1203125 0.184375
26 0.1828125 0.9328125 0.15 0.13125
116 0.77578125 0.06953125 0.1765625 0.1390625