15 0.3390625 0.24609375 0.19375 0.209375
116 0.65 0.39296875 0.2078125 0.2125
15 0.19140625 0.18359375 0.196875 0.2109375
116 0.48984375 0.32421875 0.1953125 0.2109375
26 0.79453125 0.46640625 0.1859375 0.2078125
26 0.91953125 0.5359375 0.1578125 0.203125
26 0.3875 0.5359375 0.184375 0.20625
116 0.68125 0.6765625 0.1875 0.2
116 0.8328125 0.74765625 0.19375 0.2046875
26 0.2390625 0.47109375 0.1765625 0.1984375
15 0.090625 0.40078125 0.18125 0.2078125
15 0.5296875 0.60859375 0.1875 0.215625
26 0.04296875 0.6265625 0.0859375 0.225
116 0.1328125 0.6984375 0.190625 0.2
26 0.28125 0.76875 0.178125 0.196875
116 0.42734375 0.8390625 0.2015625 0.20625
15 0.728125 0.93515625 0.190625 0.1265625
15 0.57734375 0.90390625 0.1859375 0.1890625
15 0.29609375 0.03203125 0.1953125 0.0640625
116 0.59765625 0.1 0.19375 0.2
116 0.44765625 0.06484375 0.1921875 0.1296875
26 0.75078125 0.17265625 0.1890625 0.2046875
15 0.97890625 0.3125 0.0390625 0.20625
26 0.8953125 0.2421875 0.178125 0.196875