15 0.3015625 0.275 0.1765625 0.1984375
116 0.63125 0.37109375 0.19375 0.1984375
15 0.14609375 0.2359375 0.1796875 0.2
116 0.4625 0.328125 0.178125 0.2
26 0.7859375 0.42109375 0.1671875 0.2
26 0.92421875 0.4671875 0.1484375 0.19375
26 0.39453125 0.553125 0.165625 0.1984375
116 0.70703125 0.64609375 0.171875 0.1890625
116 0.8671875 0.6921875 0.1765625 0.19375
26 0.23828125 0.5125 0.1578125 0.190625
15 0.08125 0.46640625 0.1625 0.1984375
15 0.54609375 0.60234375 0.16875 0.2078125
26 0.0515625 0.7046875 0.103125 0.215625
116 0.16796875 0.753125 0.1734375 0.1890625
26 0.3265625 0.8 0.1609375 0.1875
116 0.48125 0.846875 0.1859375 0.19375
15 0.80078125 0.91640625 0.1703125 0.1640625
15 0.64140625 0.89453125 0.165625 0.196875
15 0.2140625 0.0484375 0.178125 0.096875
116 0.534375 0.0921875 0.18125 0.184375
116 0.37421875 0.06875 0.1765625 0.1375
26 0.696875 0.13671875 0.171875 0.19375
15 0.965625 0.22890625 0.065625 0.1984375
26 0.85 0.18359375 0.1609375 0.1875