15 0.25546875 0.325 0.1453125 0.175
116 0.59921875 0.34453125 0.1625 0.1703125
15 0.0953125 0.32265625 0.146875 0.175
116 0.425 0.34140625 0.146875 0.175
26 0.7609375 0.35859375 0.1328125 0.178125
26 0.91640625 0.36953125 0.1390625 0.16875
26 0.409375 0.57578125 0.1328125 0.1765625
116 0.734375 0.59609375 0.1421875 0.1640625
116 0.9015625 0.6046875 0.1453125 0.16875
26 0.24765625 0.57109375 0.125 0.1703125
15 0.0796875 0.5625 0.1359375 0.175
15 0.56796875 0.58984375 0.1328125 0.1859375
26 0.071875 0.81015625 0.14375 0.1921875
116 0.23359375 0.821875 0.14375 0.1640625
26 0.3984375 0.83125 0.1296875 0.165625
116 0.559375 0.8421875 0.15625 0.165625
15 0.89140625 0.8609375 0.1328125 0.1890625
15 0.7265625 0.853125 0.1328125 0.175
15 0.1078125 0.08046875 0.146875 0.1609375
116 0.440625 0.0921875 0.15 0.1609375
116 0.27421875 0.084375 0.146875 0.1578125
26 0.61015625 0.10234375 0.1390625 0.1703125
15 0.9375 0.12109375 0.1234375 0.178125
26 0.76953125 0.1125 0.1296875 0.165625