97 0.28671875 0.31171875 0.1578125 0.1515625
7 0.43515625 0.3421875 0.13125 0.134375
97 0.12734375 0.3 0.1546875 0.1546875
7 0.73359375 0.3859375 0.13125 0.1375
18 0.884375 0.41171875 0.1359375 0.1375
18 0.58359375 0.3703125 0.1359375 0.1390625
97 0.09296875 0.553125 0.1578125 0.146875
97 0.69296875 0.640625 0.159375 0.1609375
18 0.8515625 0.66796875 0.1515625 0.1578125
7 0.3875 0.603125 0.1359375 0.14375
7 0.2421875 0.584375 0.1328125 0.1515625
18 0.5390625 0.63203125 0.140625 0.159375
26 0.065625 0.78125 0.13125 0.196875
116 0.378125 0.828125 0.159375 0.1828125
15 0.21328125 0.8078125 0.140625 0.1859375
15 0.53359375 0.8578125 0.14375 0.1796875
26 0.85390625 0.9046875 0.1515625 0.1875
97 0.15703125 0.05625 0.1546875 0.1125
18 0.93046875 0.14921875 0.1359375 0.1515625
18 0.6171875 0.10859375 0.14375 0.1453125
7 0.3078125 0.07421875 0.15 0.1484375
97 0.465625 0.08984375 0.165625 0.1515625
7 0.765625 0.1328125 0.134375 0.14375