97 0.265625 0.3390625 0.1421875 0.1359375
7 0.41640625 0.35078125 0.11875 0.121875
97 0.10546875 0.346875 0.140625 0.1390625
7 0.71796875 0.35859375 0.1171875 0.125
18 0.87109375 0.365625 0.121875 0.125
18 0.5671875 0.3609375 0.121875 0.125
97 0.103125 0.60234375 0.1421875 0.13125
97 0.70859375 0.61640625 0.14375 0.1453125
18 0.86875 0.6234375 0.1359375 0.1421875
7 0.40078125 0.61640625 0.121875 0.13125
7 0.25390625 0.615625 0.1171875 0.1390625
18 0.5546875 0.62578125 0.125 0.1453125
26 0.0859375 0.834375 0.14375 0.1796875
116 0.41875 0.840625 0.140625 0.16875
15 0.25234375 0.840625 0.1203125 0.1734375
15 0.5765625 0.8515625 0.125 0.1671875
26 0.9 0.859375 0.1296875 0.175
97 0.103125 0.08125 0.1390625 0.1359375
18 0.88984375 0.09921875 0.1296875 0.134375
18 0.56875 0.096875 0.128125 0.13125
7 0.25546875 0.09296875 0.1328125 0.1453125
97 0.415625 0.096875 0.1515625 0.1359375
7 0.71875 0.103125 0.11875 0.13125