28 0.45859375 0.0875 0.1921875 0.175
17 0.30234375 0.05078125 0.2078125 0.1015625
115 0.36484375 0.2453125 0.2125 0.215625
25 0.20703125 0.16875 0.190625 0.20625
118 0.50234375 0.37265625 0.228125 0.2390625
115 0.39453125 0.55390625 0.196875 0.2109375
14 0.22890625 0.4765625 0.1984375 0.2140625
17 0.0828125 0.42421875 0.165625 0.2265625
25 0.1265625 0.69296875 0.1890625 0.2015625
118 0.03046875 0.64453125 0.0609375 0.2234375
28 0.26015625 0.81796875 0.1890625 0.2015625
14 0.62734375 0.121875 0.1890625 0.2015625