28 0.2734375 0.1296875 0.13125 0.1796875
17 0.09765625 0.1265625 0.14375 0.190625
115 0.2671875 0.33046875 0.1625 0.16875
25 0.09140625 0.33046875 0.134375 0.1734375
118 0.446875 0.384375 0.16875 0.19375
115 0.4296875 0.59453125 0.1421875 0.1734375
14 0.24609375 0.59765625 0.140625 0.178125
17 0.0734375 0.62578125 0.146875 0.1890625
25 0.24921875 0.8375 0.1359375 0.165625
118 0.0765625 0.86953125 0.153125 0.1796875
28 0.42421875 0.89140625 0.1359375 0.165625
14 0.4484375 0.1046875 0.1359375 0.1671875