28 0.3765625 0.08515625 0.165625 0.1703125
118 0.53515625 0.1265625 0.2046875 0.215625
14 0.159375 0.20546875 0.1640625 0.1984375
17 0.30546875 0.3046875 0.175 0.1984375
25 0.08203125 0.44140625 0.1640625 0.2046875
115 0.2484375 0.50078125 0.18125 0.2015625
14 0.4078125 0.55703125 0.1640625 0.19375
17 0.159375 0.7640625 0.178125 0.2109375
28 0.32265625 0.82109375 0.171875 0.2078125
118 0.04453125 0.7234375 0.0890625 0.2
25 0.2328125 0.03984375 0.175 0.0796875
115 0.72578125 0.14609375 0.175 0.1875