28 0.52890625 0.12890625 0.1515625 0.1734375
17 0.69140625 0.103125 0.1484375 0.1875
14 0.09765625 0.63671875 0.15 0.1921875
25 0.2640625 0.61484375 0.1421875 0.1796875
17 0.43046875 0.62578125 0.1546875 0.1796875
28 0.5953125 0.6015625 0.1578125 0.184375
115 0.31171875 0.8359375 0.1671875 0.1796875
118 0.14375 0.9046875 0.1671875 0.1859375
115 0.18828125 0.1328125 0.1734375 0.1765625
14 0.046875 0.16328125 0.09375 0.1703125
25 0.36171875 0.11328125 0.1359375 0.175
97 0.86171875 0.0578125 0.1421875 0.115625