118 0.08203125 0.44921875 0.1640625 0.2140625
28 0.24609375 0.43359375 0.165625 0.1859375
17 0.41328125 0.409375 0.15 0.175
14 0.2796875 0.64375 0.1484375 0.19375
25 0.1125 0.6703125 0.13125 0.1921875
118 0.4578125 0.66015625 0.178125 0.203125
17 0.63046875 0.6359375 0.1484375 0.190625
25 0.3265625 0.88203125 0.146875 0.1796875
118 0.15078125 0.9203125 0.1765625 0.15625
115 0.2171875 0.14765625 0.1703125 0.1875
25 0.3796875 0.13046875 0.1421875 0.1765625
14 0.05390625 0.18828125 0.1078125 0.1921875