118 0.490625 0.1015625 0.234375 0.203125
28 0.65390625 0.1765625 0.2078125 0.2296875
115 0.2390625 0.165625 0.203125 0.2140625
25 0.38203125 0.2671875 0.209375 0.221875
17 0.52109375 0.38046875 0.20625 0.225
14 0.25078125 0.48828125 0.2015625 0.221875
115 0.41171875 0.584375 0.21875 0.2265625
17 0.08984375 0.43515625 0.1796875 0.2296875
25 0.1390625 0.7 0.2078125 0.225
118 0.034375 0.64921875 0.06875 0.2421875
28 0.26328125 0.834375 0.2046875 0.215625
25 0.35703125 0.02734375 0.1953125 0.0546875