118 0.19765625 0.22109375 0.18125 0.215625
17 0.05390625 0.26796875 0.1078125 0.1953125
115 0.08359375 0.46171875 0.1671875 0.1984375
14 0.59921875 0.334375 0.1625 0.1890625
25 0.4234375 0.37890625 0.1578125 0.1875
28 0.25859375 0.4640625 0.1828125 0.2046875
25 0.30703125 0.6796875 0.165625 0.20625
28 0.14453125 0.74609375 0.175 0.23125
118 0.490625 0.678125 0.20625 0.2203125
17 0.66953125 0.6359375 0.1734375 0.2109375
14 0.375 0.90703125 0.190625 0.1828125
115 0.20078125 0.9328125 0.1765625 0.13125