118 0.34375 0.11953125 0.1734375 0.2109375
17 0.1671875 0.0921875 0.1625 0.184375
115 0.1328125 0.2859375 0.171875 0.1921875
14 0.66015625 0.3921875 0.1546875 0.184375
25 0.48125 0.3578125 0.1515625 0.1828125
28 0.29609375 0.365625 0.1765625 0.1984375
25 0.24921875 0.58203125 0.1578125 0.2015625
28 0.07890625 0.5734375 0.1578125 0.228125
118 0.41640625 0.65703125 0.1984375 0.2140625
17 0.596875 0.69453125 0.165625 0.20625
14 0.2125 0.821875 0.1828125 0.1890625
115 0.059375 0.790625 0.11875 0.18125