117 0.76484375 0.22734375 0.1625 0.1859375
27 0.28984375 0.14375 0.1421875 0.1875
16 0.6078125 0.20390625 0.140625 0.1921875
98 0.92734375 0.29453125 0.1421875 0.1734375
19 0.45078125 0.21171875 0.178125 0.16875
8 0.14375 0.16015625 0.1625 0.178125
117 0.4046875 0.40703125 0.1703125 0.190625
27 0.5671875 0.43984375 0.1671875 0.2046875
16 0.246875 0.384375 0.146875 0.1921875
19 0.74375 0.5078125 0.1734375 0.1640625
8 0.09609375 0.39453125 0.1609375 0.1703125
98 0.90390625 0.540625 0.16875 0.159375
117 0.5265625 0.67109375 0.1703125 0.2265625
27 0.0609375 0.59765625 0.121875 0.1921875
16 0.3609375 0.65390625 0.1359375 0.196875
8 0.21171875 0.65703125 0.1671875 0.1640625
98 0.70234375 0.74375 0.1890625 0.2125
19 0.8640625 0.7828125 0.1703125 0.1734375