117 0.8078125 0.27734375 0.184375 0.2015625
27 0.3546875 0.11328125 0.165625 0.1984375
16 0.6578125 0.22734375 0.165625 0.203125
98 0.93671875 0.375 0.1234375 0.19375
19 0.5015625 0.2078125 0.1953125 0.1875
8 0.2078125 0.103125 0.1828125 0.19375
117 0.421875 0.3921875 0.1921875 0.2078125
27 0.5765625 0.45234375 0.190625 0.21875
16 0.2703125 0.3421875 0.171875 0.2046875
19 0.73828125 0.55 0.1890625 0.184375
8 0.1203125 0.32578125 0.1796875 0.1875
98 0.890625 0.61015625 0.184375 0.178125
117 0.496875 0.6734375 0.2 0.240625
27 0.06171875 0.51640625 0.1234375 0.2046875
16 0.33671875 0.62734375 0.1625 0.20625
8 0.1890625 0.6046875 0.184375 0.1828125
98 0.65703125 0.775 0.2140625 0.23125
19 0.809375 0.8421875 0.1890625 0.1921875