117 0.696875 0.17421875 0.14375 0.171875
27 0.21484375 0.20078125 0.1234375 0.175
16 0.53828125 0.1875 0.121875 0.18125
98 0.8890625 0.19921875 0.1640625 0.1546875
19 0.3875 0.23046875 0.1625 0.1515625
8 0.07578125 0.24921875 0.1453125 0.1640625
117 0.3859375 0.43125 0.153125 0.1765625
27 0.5515625 0.42578125 0.146875 0.190625
16 0.22734375 0.44453125 0.128125 0.18125
19 0.7390625 0.453125 0.1578125 0.1484375
8 0.08203125 0.48828125 0.14375 0.15625
98 0.90234375 0.4484375 0.1546875 0.1421875
117 0.56484375 0.6609375 0.1484375 0.2125
27 0.07734375 0.69765625 0.134375 0.178125
16 0.39921875 0.68125 0.115625 0.1859375
8 0.2546875 0.71796875 0.153125 0.1484375
98 0.7515625 0.69140625 0.16875 0.1953125
19 0.91875 0.69375 0.1546875 0.1578125