98 0.6171875 0.09140625 0.190625 0.1828125
8 0.78125 0.065625 0.175 0.13125
19 0.309375 0.1953125 0.16875 0.165625
117 0.2078125 0.42578125 0.171875 0.2046875
27 0.06953125 0.47734375 0.1390625 0.2046875
16 0.82265625 0.2421875 0.1578125 0.196875
98 0.5359375 0.36484375 0.1828125 0.178125
8 0.38515625 0.4125 0.178125 0.1734375
19 0.7046875 0.321875 0.165625 0.1625
117 0.4265625 0.6078125 0.1796875 0.209375
27 0.27265625 0.6578125 0.1625 0.2046875
16 0.1171875 0.709375 0.1765625 0.215625
19 0.6046875 0.59453125 0.1859375 0.1828125
98 0.76640625 0.54765625 0.18125 0.1921875
8 0.91328125 0.5046875 0.1703125 0.171875
117 0.50859375 0.8359375 0.175 0.20625
16 0.18984375 0.91484375 0.1703125 0.1671875
27 0.815625 0.74609375 0.1625 0.2046875
98 0.3671875 0.909375 0.1875 0.178125
8 0.68828125 0.82265625 0.1671875 0.165625
19 0.95078125 0.7375 0.0953125 0.175
117 0.44296875 0.10390625 0.16875 0.1921875
27 0.02734375 0.2484375 0.0546875 0.196875
16 0.1359375 0.20625 0.1546875 0.190625