98 0.5890625 0.0890625 0.196875 0.178125
8 0.74921875 0.0578125 0.1796875 0.115625
19 0.2890625 0.209375 0.1734375 0.171875
117 0.203125 0.446875 0.1796875 0.209375
27 0.07109375 0.509375 0.1421875 0.209375
16 0.80390625 0.2203125 0.1671875 0.2015625
98 0.5265625 0.3625 0.1890625 0.184375
8 0.37890625 0.42109375 0.1828125 0.1796875
19 0.69140625 0.3078125 0.171875 0.16875
117 0.434375 0.61328125 0.1890625 0.2140625
27 0.284375 0.6734375 0.1703125 0.2078125
16 0.1328125 0.7359375 0.1859375 0.21875
19 0.6109375 0.58671875 0.1921875 0.1890625
98 0.76875 0.52890625 0.1890625 0.196875
8 0.91171875 0.4765625 0.1734375 0.178125
117 0.53203125 0.834375 0.184375 0.2109375
16 0.22109375 0.92421875 0.1796875 0.1484375
27 0.83203125 0.7234375 0.1703125 0.2078125
98 0.39609375 0.91171875 0.1953125 0.1734375
8 0.7109375 0.809375 0.1734375 0.171875
19 0.95703125 0.703125 0.0828125 0.18125
117 0.41484375 0.109375 0.1765625 0.196875
27 0.021875 0.2859375 0.04375 0.2
16 0.11640625 0.23203125 0.1625 0.19375