98 0.575 0.08828125 0.2 0.1765625
8 0.73203125 0.0546875 0.1828125 0.109375
19 0.27890625 0.2171875 0.1765625 0.1734375
117 0.2015625 0.45703125 0.184375 0.2109375
27 0.07265625 0.52421875 0.1453125 0.2109375
16 0.79453125 0.209375 0.171875 0.203125
98 0.521875 0.36171875 0.1921875 0.1875
8 0.3765625 0.425 0.1859375 0.1828125
19 0.684375 0.30078125 0.1734375 0.171875
117 0.43828125 0.61484375 0.1921875 0.215625
27 0.290625 0.68046875 0.175 0.209375
16 0.14140625 0.7484375 0.190625 0.2203125
19 0.6140625 0.5828125 0.1953125 0.1921875
98 0.76953125 0.51953125 0.1921875 0.2
8 0.91015625 0.4609375 0.1765625 0.18125
117 0.54375 0.8328125 0.1875 0.2125
16 0.23671875 0.928125 0.1828125 0.140625
27 0.8390625 0.71171875 0.175 0.209375
98 0.41171875 0.9125 0.1984375 0.171875
8 0.72109375 0.8015625 0.175 0.1734375
19 0.96015625 0.6859375 0.0765625 0.184375
117 0.4015625 0.1125 0.1796875 0.1984375
27 0.01953125 0.30390625 0.0390625 0.2015625
16 0.10703125 0.24609375 0.1671875 0.1953125