98 0.30234375 0.1078125 0.1875 0.178125
19 0.63671875 0.1640625 0.159375 0.1453125
8 0.7890625 0.18984375 0.1515625 0.1515625
27 0.425 0.32890625 0.1546875 0.19375
117 0.2703125 0.30625 0.15 0.190625
16 0.73515625 0.38046875 0.1359375 0.1890625
8 0.59453125 0.3875 0.1625 0.15625
98 0.903125 0.4390625 0.1703125 0.1796875
19 0.1203125 0.321875 0.15625 0.1734375
117 0.696875 0.60625 0.1609375 0.19375
27 0.53984375 0.5828125 0.153125 0.1984375
16 0.22734375 0.53515625 0.1296875 0.184375
98 0.86640625 0.6671875 0.1828125 0.1671875
19 0.078125 0.54765625 0.15625 0.1421875
8 0.38828125 0.5984375 0.1734375 0.1578125
117 0.66015625 0.8390625 0.171875 0.190625
16 0.5015625 0.81640625 0.134375 0.2
27 0.19140625 0.76875 0.140625 0.203125
8 0.34921875 0.82578125 0.16875 0.1515625
98 0.83125 0.9046875 0.184375 0.1734375
19 0.06015625 0.796875 0.1203125 0.1625
117 0.47421875 0.09296875 0.146875 0.184375
16 0.93203125 0.17109375 0.1328125 0.1765625
27 0.14140625 0.06953125 0.1515625 0.1390625