98 0.42578125 0.08671875 0.2171875 0.1734375
19 0.72890625 0.21875 0.18125 0.1734375
8 0.8671875 0.2875 0.1765625 0.1765625
27 0.478125 0.31484375 0.1921875 0.2140625
117 0.3375 0.24765625 0.1875 0.2109375
16 0.759375 0.4546875 0.175 0.2046875
8 0.6234375 0.4203125 0.1890625 0.184375
98 0.9 0.56015625 0.196875 0.2078125
19 0.1890625 0.21875 0.1875 0.196875
117 0.65703125 0.659375 0.1984375 0.2171875
27 0.5140625 0.59140625 0.19375 0.21875
16 0.22890625 0.45390625 0.16875 0.1984375
98 0.8015625 0.7671875 0.2078125 0.2
19 0.0859375 0.421875 0.171875 0.171875
8 0.3640625 0.56171875 0.196875 0.1890625
117 0.55390625 0.87109375 0.2078125 0.2171875
16 0.40859375 0.803125 0.1765625 0.2140625
27 0.1265625 0.6671875 0.184375 0.21875
8 0.2609375 0.7671875 0.1921875 0.1828125
98 0.69921875 0.9390625 0.2140625 0.11875
19 0.03359375 0.6484375 0.0671875 0.1875
117 0.59453125 0.10390625 0.1828125 0.203125
16 0.96171875 0.3125 0.0734375 0.19375
27 0.290625 0.03203125 0.1875 0.0640625