98 0.11328125 0.2921875 0.215625 0.2109375
19 0.41953125 0.14609375 0.18125 0.1734375
8 0.559375 0.08515625 0.178125 0.1703125
27 0.340625 0.403125 0.1921875 0.2140625
117 0.20078125 0.47265625 0.1875 0.2109375
16 0.62421875 0.2671875 0.175 0.2046875
8 0.51328125 0.35390625 0.1890625 0.184375
98 0.79453125 0.21875 0.2015625 0.20625
19 0.090625 0.57265625 0.18125 0.1984375
117 0.721875 0.47421875 0.1984375 0.2171875
27 0.58046875 0.5453125 0.19375 0.21875
16 0.296875 0.68515625 0.16875 0.1984375
98 0.8953125 0.42734375 0.20625 0.2015625
19 0.1796875 0.78203125 0.18125 0.1703125
8 0.46484375 0.6453125 0.196875 0.1890625
117 0.82578125 0.6859375 0.2078125 0.2171875
16 0.6828125 0.75859375 0.1765625 0.2140625
27 0.40234375 0.89296875 0.1859375 0.2109375
8 0.56328125 0.853125 0.1921875 0.1828125
98 0.94765625 0.64140625 0.1015625 0.2078125
19 0.29375 0.95546875 0.184375 0.0859375
117 0.2453125 0.18125 0.1828125 0.203125
16 0.6671875 0.0390625 0.175 0.078125
27 0.01953125 0.334375 0.0390625 0.20625