10 0.690625 0.28984375 0.159375 0.2046875
99 0.8484375 0.2421875 0.1859375 0.2
21 0.5359375 0.34453125 0.1671875 0.2078125
100 0.07421875 0.5 0.1484375 0.2125
9 0.38359375 0.4015625 0.16875 0.2015625
20 0.22265625 0.45546875 0.159375 0.1984375
99 0.13515625 0.734375 0.1703125 0.1984375
10 0.46328125 0.63046875 0.1625 0.2046875
9 0.62421875 0.578125 0.1671875 0.2109375
21 0.78359375 0.5265625 0.1671875 0.2125
100 0.29765625 0.6875 0.19375 0.209375
20 0.9234375 0.484375 0.15 0.20625
100 0.69609375 0.81171875 0.1796875 0.2015625
20 0.209375 0.9328125 0.165625 0.13125
9 0.365625 0.91015625 0.165625 0.1765625
99 0.52890625 0.87109375 0.184375 0.209375
21 0.85546875 0.76796875 0.1640625 0.196875
10 0.95703125 0.72109375 0.0828125 0.2046875
100 0.03671875 0.26328125 0.0734375 0.2015625
99 0.4546875 0.1109375 0.1984375 0.203125
21 0.6265625 0.07890625 0.175 0.1578125
20 0.775 0.05625 0.16875 0.1125
10 0.1421875 0.2203125 0.165625 0.2046875
9 0.30703125 0.1671875 0.16875 0.2109375