10 0.6546875 0.2625 0.1796875 0.209375
99 0.80390625 0.190625 0.2015625 0.2109375
21 0.5109375 0.340625 0.1875 0.2140625
100 0.08125 0.56953125 0.1625 0.2203125
9 0.36953125 0.42109375 0.1859375 0.2078125
20 0.21875 0.49921875 0.178125 0.203125
99 0.1765625 0.78828125 0.1875 0.20625
10 0.484375 0.634375 0.18125 0.2109375
9 0.634375 0.5578125 0.1875 0.2171875
21 0.784375 0.48203125 0.1875 0.21875
100 0.3296875 0.71640625 0.209375 0.2203125
20 0.91484375 0.4171875 0.1671875 0.2125
100 0.7421875 0.77734375 0.1953125 0.2109375
20 0.28671875 0.95078125 0.1859375 0.0953125
9 0.434375 0.91640625 0.184375 0.1640625
99 0.5859375 0.86171875 0.2015625 0.21875
21 0.89296875 0.709375 0.18125 0.203125
10 0.9671875 0.63984375 0.0625 0.2140625
100 0.025 0.346875 0.05 0.2125
99 0.39453125 0.1234375 0.2125 0.215625
21 0.55546875 0.07421875 0.1921875 0.1484375
20 0.69453125 0.0390625 0.1859375 0.078125
10 0.103125 0.2796875 0.184375 0.2109375
9 0.2578125 0.2015625 0.1890625 0.2171875