10 0.72109375 0.321875 0.1359375 0.1953125
99 0.884375 0.3 0.165625 0.184375
21 0.559375 0.35234375 0.1453125 0.196875
100 0.07109375 0.43125 0.1421875 0.2
9 0.4 0.384375 0.146875 0.1890625
20 0.2328125 0.4125 0.1375 0.1875
99 0.103125 0.67421875 0.15 0.1859375
10 0.44375 0.62265625 0.1390625 0.1953125
9 0.61015625 0.59609375 0.14375 0.2
21 0.7765625 0.57109375 0.14375 0.2015625
100 0.27109375 0.653125 0.171875 0.19375
20 0.928125 0.5515625 0.1421875 0.19375
100 0.64453125 0.83828125 0.1578125 0.1875
20 0.13984375 0.909375 0.1421875 0.178125
9 0.3015625 0.89765625 0.1421875 0.1921875
99 0.4703125 0.87109375 0.1640625 0.1953125
21 0.809375 0.8203125 0.1421875 0.184375
10 0.9421875 0.79765625 0.1125 0.1921875
100 0.053125 0.184375 0.10625 0.1875
99 0.51640625 0.109375 0.1796875 0.184375
21 0.69375 0.08828125 0.153125 0.1765625
20 0.8484375 0.07734375 0.146875 0.1546875
10 0.190625 0.16796875 0.14375 0.1921875
9 0.36171875 0.14140625 0.1453125 0.2