9 0.37109375 0.38203125 0.1515625 0.1953125
21 0.065625 0.49140625 0.13125 0.1984375
100 0.21015625 0.440625 0.18125 0.19375
20 0.5234375 0.3328125 0.1703125 0.20625
10 0.83828125 0.225 0.184375 0.2171875
99 0.684375 0.28359375 0.190625 0.209375
21 0.28984375 0.66796875 0.1671875 0.203125
20 0.1328125 0.72265625 0.1734375 0.2140625
10 0.43515625 0.62421875 0.1828125 0.2171875
100 0.76015625 0.51171875 0.1796875 0.20625
99 0.91015625 0.45859375 0.1765625 0.2140625
9 0.60390625 0.56875 0.1828125 0.2125
99 0.84296875 0.73203125 0.1890625 0.2140625
10 0.36015625 0.90078125 0.1765625 0.1953125
100 0.68203125 0.79453125 0.1765625 0.2015625
21 0.20703125 0.92890625 0.1796875 0.1390625
9 0.5265625 0.85625 0.165625 0.1984375
20 0.9578125 0.69296875 0.08125 0.2171875
99 0.7578125 0.0421875 0.175 0.084375
100 0.13203125 0.2046875 0.1875 0.2
20 0.0296875 0.2578125 0.059375 0.1875
10 0.28828125 0.153125 0.171875 0.203125
21 0.45 0.09765625 0.1546875 0.19375
9 0.603125 0.0703125 0.16875 0.140625