9 0.42421875 0.3421875 0.109375 0.1765625
21 0.08828125 0.32421875 0.1140625 0.1765625
100 0.25390625 0.3359375 0.1453125 0.165625
20 0.584375 0.353125 0.128125 0.1828125
10 0.91640625 0.371875 0.140625 0.190625
99 0.7515625 0.36875 0.1515625 0.1796875
21 0.2421875 0.57734375 0.1265625 0.1796875
20 0.0765625 0.56953125 0.1296875 0.190625
10 0.39375 0.590625 0.1390625 0.1921875
100 0.73671875 0.60859375 0.140625 0.1796875
99 0.90234375 0.61796875 0.15 0.184375
9 0.5703125 0.60234375 0.1390625 0.1875
99 0.73046875 0.84375 0.1484375 0.1859375
10 0.21796875 0.8234375 0.134375 0.1796875
100 0.55859375 0.84140625 0.1375 0.175
21 0.0625 0.81953125 0.125 0.1828125
9 0.39140625 0.83984375 0.125 0.1765625
20 0.89609375 0.86796875 0.13125 0.1921875
99 0.93046875 0.1203125 0.1359375 0.165625
100 0.26953125 0.08828125 0.1515625 0.1703125
20 0.10859375 0.08203125 0.1203125 0.1640625
10 0.43359375 0.09921875 0.13125 0.178125
21 0.60390625 0.1078125 0.1140625 0.1734375
9 0.76640625 0.11640625 0.13125 0.1625