9 0.42734375 0.340625 0.1125 0.178125
21 0.09140625 0.3171875 0.1171875 0.178125
100 0.25625 0.33203125 0.146875 0.1671875
20 0.58671875 0.3546875 0.13125 0.184375
10 0.91875 0.37890625 0.14375 0.19375
99 0.75390625 0.37265625 0.153125 0.18125
21 0.24140625 0.57265625 0.1296875 0.18125
20 0.075 0.56171875 0.1328125 0.1921875
10 0.3921875 0.5890625 0.1421875 0.19375
100 0.73515625 0.6125 0.14375 0.18125
99 0.9 0.625 0.153125 0.1859375
9 0.56875 0.603125 0.1421875 0.1890625
99 0.725 0.84765625 0.1515625 0.1875
10 0.2125 0.81796875 0.1375 0.18125
100 0.553125 0.8421875 0.140625 0.1765625
21 0.0609375 0.8125 0.121875 0.184375
9 0.38515625 0.83828125 0.128125 0.178125
20 0.88984375 0.875 0.134375 0.1953125
99 0.9328125 0.128125 0.13125 0.16875
100 0.2765625 0.0859375 0.15625 0.171875
20 0.11640625 0.07890625 0.1234375 0.1578125
10 0.440625 0.09765625 0.134375 0.1796875
21 0.6109375 0.11015625 0.1171875 0.175
9 0.7734375 0.12109375 0.1328125 0.165625