223 0.8453125 0.2 0.1546875 0.1890625
45 0.64921875 0.1484375 0.184375 0.2140625
46 0.21640625 0.0765625 0.1734375 0.153125
143 0.44765625 0.128125 0.1984375 0.190625
142 0.1984375 0.24375 0.196875 0.20625
224 0.34765625 0.334375 0.1796875 0.1875
45 0.11171875 0.4609375 0.159375 0.1984375
223 0.49375 0.57109375 0.15625 0.20625
142 0.3078125 0.5328125 0.1921875 0.20625
41 0.86640625 0.71328125 0.1484375 0.1484375
143 0.66484375 0.67109375 0.19375 0.1921875
224 0.08984375 0.72421875 0.1796875 0.2265625