12 0.45625 0.13828125 0.159375 0.1703125
102 0.8546875 0.11484375 0.159375 0.1921875
23 0.06796875 0.17265625 0.1359375 0.1765625
22 0.09140625 0.36015625 0.1421875 0.1921875
101 0.49375 0.5796875 0.1609375 0.196875
11 0.30390625 0.5984375 0.1390625 0.19375
12 0.67265625 0.60859375 0.153125 0.184375
102 0.89140625 0.5953125 0.1671875 0.1875
23 0.0953125 0.65546875 0.1578125 0.159375
22 0.11875 0.83984375 0.128125 0.190625
101 0.271875 0.10390625 0.1609375 0.1875
11 0.671875 0.0875 0.146875 0.175