22 0.52734375 0.0984375 0.1765625 0.196875
101 0.04609375 0.26953125 0.0921875 0.2234375
11 0.17109375 0.2125 0.1734375 0.2015625
102 0.6953125 0.0890625 0.20625 0.178125
12 0.334375 0.2015625 0.1828125 0.184375
23 0.0796875 0.53359375 0.159375 0.1890625
22 0.34453125 0.6484375 0.1734375 0.2109375
101 0.509375 0.59765625 0.1953125 0.221875
12 0.86875 0.503125 0.1984375 0.215625
102 0.14609375 0.75390625 0.203125 0.2125
23 0.684375 0.58046875 0.1890625 0.2
11 0.21875 0.91484375 0.159375 0.1671875