22 0.62578125 0.10546875 0.1359375 0.1984375
101 0.071875 0.15546875 0.14375 0.2015625
11 0.25078125 0.14140625 0.1390625 0.18125
102 0.79296875 0.1296875 0.171875 0.1859375
12 0.41171875 0.1703125 0.1546875 0.1578125
23 0.075 0.428125 0.15 0.1625
22 0.31328125 0.60625 0.1359375 0.1921875
101 0.4859375 0.596875 0.1578125 0.196875
12 0.85703125 0.5921875 0.1640625 0.1890625
102 0.0953125 0.6609375 0.1703125 0.1828125
23 0.659375 0.62265625 0.159375 0.1734375
11 0.12265625 0.84921875 0.121875 0.1796875