138 0.79140625 0.07421875 0.2140625 0.1484375
46 0.38984375 0.1640625 0.1765625 0.1890625
224 0.12109375 0.4640625 0.2171875 0.1953125
223 0.125 0.66953125 0.165625 0.2171875
143 0.328125 0.65546875 0.2046875 0.1921875
46 0.51484375 0.60859375 0.1875 0.19375
224 0.72109375 0.56484375 0.1890625 0.1984375
142 0.20625 0.88125 0.203125 0.234375
45 0.3984375 0.83828125 0.1546875 0.2078125
45 0.60625 0.08046875 0.15625 0.1609375
142 0.2015625 0.1703125 0.2046875 0.2125
223 0.0421875 0.221875 0.084375 0.2125