138 0.91484375 0.18828125 0.1671875 0.1703125
46 0.5171875 0.146875 0.1609375 0.175
224 0.159375 0.33046875 0.203125 0.1765625
223 0.0890625 0.5234375 0.1453125 0.2078125
143 0.28359375 0.58359375 0.190625 0.175
46 0.475 0.60703125 0.1703125 0.178125
224 0.68359375 0.63984375 0.171875 0.1828125
142 0.08984375 0.75234375 0.1796875 0.2265625
45 0.28359375 0.7796875 0.134375 0.1984375
45 0.75390625 0.1328125 0.1375 0.1765625
142 0.33984375 0.0921875 0.1890625 0.184375
223 0.13671875 0.08203125 0.1421875 0.1640625