24 0.09453125 0.5234375 0.1890625 0.21875
103 0.1890625 0.7203125 0.24375 0.240625
103 0.525 0.5421875 0.23125 0.228125
24 0.69453125 0.4484375 0.2328125 0.2359375
13 0.3640625 0.63203125 0.221875 0.23125
24 0.8609375 0.36015625 0.2328125 0.2390625
13 0.29375 0.89609375 0.228125 0.2046875
13 0.6421875 0.04296875 0.221875 0.0859375
24 0.1484375 0.25234375 0.21875 0.221875
103 0.47890625 0.09296875 0.2328125 0.1859375
103 0.0484375 0.3484375 0.096875 0.23125
13 0.3140625 0.165625 0.2140625 0.2171875