24 0.09375 0.509375 0.1875 0.215625
103 0.18125 0.709375 0.240625 0.2375
103 0.5234375 0.54296875 0.228125 0.225
24 0.69609375 0.45546875 0.2296875 0.234375
13 0.36015625 0.62734375 0.2203125 0.2296875
24 0.865625 0.37265625 0.2296875 0.2375
13 0.27890625 0.89296875 0.2265625 0.2109375
13 0.6609375 0.04453125 0.21875 0.0890625
24 0.15703125 0.23984375 0.2171875 0.2203125
103 0.49296875 0.0921875 0.2296875 0.184375
103 0.05078125 0.33046875 0.1015625 0.2296875
13 0.32578125 0.159375 0.2109375 0.215625