13 0.171875 0.240625 0.2078125 0.2015625
103 0.6828125 0.60546875 0.2203125 0.234375
24 0.87890625 0.65546875 0.2046875 0.2203125
24 0.1125 0.46796875 0.2140625 0.21875
13 0.3109375 0.5171875 0.2140625 0.228125
13 0.49453125 0.565625 0.2078125 0.23125
103 0.08984375 0.671875 0.1796875 0.225
13 0.2296875 0.06640625 0.215625 0.1328125
24 0.946875 0.2203125 0.103125 0.196875
103 0.6125 0.12734375 0.2171875 0.2125
103 0.41796875 0.09453125 0.2171875 0.1890625
24 0.81015625 0.1796875 0.190625 0.1984375