13 0.15859375 0.2578125 0.2015625 0.1953125
103 0.68828125 0.5953125 0.2125 0.228125
24 0.88671875 0.6359375 0.196875 0.2140625
24 0.11171875 0.48828125 0.2078125 0.2125
13 0.3125 0.52734375 0.20625 0.221875
13 0.49765625 0.565625 0.2 0.225
103 0.09296875 0.69453125 0.1859375 0.2171875
13 0.20546875 0.07265625 0.2078125 0.1453125
24 0.94140625 0.1953125 0.1140625 0.190625
103 0.59296875 0.121875 0.209375 0.20625
103 0.39609375 0.0953125 0.2109375 0.190625
24 0.79296875 0.1640625 0.184375 0.1921875