64 0.765625 0.159375 0.175 0.153125
216 0.35234375 0.30703125 0.1796875 0.190625
72 0.1421875 0.2796875 0.1859375 0.1828125
174 0.27109375 0.56328125 0.1828125 0.15625
64 0.08515625 0.53984375 0.1671875 0.153125
208 0.60234375 0.840625 0.1796875 0.1484375
174 0.2515625 0.79296875 0.18125 0.1609375
64 0.421875 0.8171875 0.15625 0.1484375
208 0.07421875 0.7703125 0.1484375 0.165625
216 0.16640625 0.06875 0.1765625 0.1375
182 0.571875 0.10859375 0.1984375 0.1765625
216 0.36015625 0.0875 0.1796875 0.175