64 0.1515625 0.2734375 0.1984375 0.1640625
208 0.47109375 0.6203125 0.19375 0.1640625
64 0.0859375 0.52578125 0.171875 0.1734375
174 0.275 0.57421875 0.215625 0.1828125
208 0.65234375 0.66796875 0.18125 0.1578125
64 0.8328125 0.7171875 0.2 0.1859375
174 0.075 0.77109375 0.15 0.1703125
208 0.6046875 0.128125 0.1859375 0.1609375
174 0.21953125 0.06171875 0.2015625 0.1234375
174 0.4109375 0.08359375 0.209375 0.1671875
64 0.778125 0.17578125 0.178125 0.153125
208 0.93125 0.22578125 0.134375 0.1734375