64 0.1046875 0.371875 0.175 0.128125
208 0.503125 0.6234375 0.16875 0.1296875
64 0.1015625 0.6328125 0.1546875 0.1421875
174 0.30234375 0.6296875 0.190625 0.1453125
208 0.690625 0.6234375 0.1578125 0.1265625
64 0.878125 0.62421875 0.171875 0.1515625
174 0.12109375 0.88125 0.203125 0.1265625
208 0.5046875 0.1140625 0.1625 0.128125
174 0.10859375 0.12421875 0.1734375 0.140625
174 0.3046875 0.1203125 0.184375 0.13125
64 0.684375 0.11484375 0.1546875 0.1234375
208 0.87890625 0.11328125 0.1796875 0.1359375