223 0.73671875 0.1375 0.121875 0.1734375
142 0.365625 0.11015625 0.1890625 0.2125
138 0.91953125 0.18046875 0.1578125 0.1546875
224 0.13984375 0.12578125 0.1625 0.1859375
46 0.17421875 0.3484375 0.1609375 0.1546875
223 0.7265625 0.59140625 0.1265625 0.178125
142 0.36015625 0.56015625 0.184375 0.2015625
45 0.5453125 0.58203125 0.13125 0.1859375
41 0.88828125 0.634375 0.121875 0.1375
143 0.12890625 0.56640625 0.178125 0.1640625
224 0.115625 0.7875 0.1640625 0.1625
45 0.55234375 0.11484375 0.14375 0.1921875