216 0.27890625 0.06171875 0.2203125 0.1234375
64 0.47109375 0.09765625 0.2046875 0.1953125
182 0.8328125 0.49140625 0.246875 0.2421875
72 0.19921875 0.23671875 0.23125 0.2296875
216 0.409375 0.32265625 0.2125 0.225
182 0.61796875 0.40859375 0.2296875 0.2203125
182 0.11171875 0.475 0.2234375 0.234375
174 0.2984375 0.57578125 0.221875 0.2015625
216 0.0671875 0.7078125 0.134375 0.228125
72 0.6171875 0.92109375 0.20625 0.1546875
72 0.215625 0.7953125 0.221875 0.2359375
216 0.4203125 0.878125 0.2203125 0.221875