216 0.0671875 0.23515625 0.134375 0.2109375
64 0.23828125 0.190625 0.1890625 0.1828125
182 0.7640625 0.296875 0.23125 0.225
72 0.10546875 0.46484375 0.2109375 0.2140625
216 0.321875 0.41015625 0.1953125 0.2109375
182 0.54140625 0.35703125 0.215625 0.203125
182 0.16171875 0.7140625 0.228125 0.2140625
174 0.38125 0.68046875 0.2109375 0.184375
216 0.22890625 0.92421875 0.2265625 0.1484375
72 0.86015625 0.7984375 0.1890625 0.20625
72 0.44453125 0.896875 0.2046875 0.203125
216 0.6578125 0.85234375 0.2046875 0.20625