64 0.31015625 0.1546875 0.153125 0.1078125
216 0.528125 0.3484375 0.1828125 0.1765625
72 0.1203125 0.36328125 0.15625 0.1734375
182 0.7421875 0.34296875 0.1890625 0.1859375
216 0.32734375 0.36484375 0.159375 0.1609375
208 0.11015625 0.63125 0.1640625 0.1421875
174 0.29921875 0.62578125 0.1796875 0.140625
208 0.48671875 0.62265625 0.1703125 0.134375
64 0.8578125 0.61640625 0.153125 0.146875
174 0.67265625 0.6234375 0.16875 0.15
64 0.12109375 0.86484375 0.159375 0.140625
182 0.0984375 0.13203125 0.1875 0.1640625