64 0.48125 0.10703125 0.178125 0.1546875
216 0.5921875 0.37578125 0.23125 0.228125
72 0.21875 0.21015625 0.20625 0.2140625
182 0.78671875 0.46484375 0.240625 0.2390625
216 0.40390625 0.30234375 0.2046875 0.2046875
208 0.096875 0.446875 0.19375 0.190625
174 0.26484375 0.525 0.2140625 0.1953125
208 0.434375 0.6046875 0.2046875 0.1859375
64 0.77109375 0.76171875 0.19375 0.190625
174 0.60078125 0.68671875 0.2078125 0.1984375
64 0.04921875 0.66171875 0.0984375 0.1890625
182 0.30078125 0.0515625 0.2328125 0.103125