174 0.240625 0.175 0.21875 0.2046875
174 0.7765625 0.771875 0.228125 0.2265625
64 0.6015625 0.67578125 0.1953125 0.190625
208 0.10859375 0.40390625 0.2171875 0.2078125
64 0.44765625 0.5953125 0.2296875 0.2203125
208 0.27734375 0.50390625 0.221875 0.209375
174 0.06328125 0.61875 0.1265625 0.240625
208 0.3484375 0.028125 0.20625 0.05625
174 0.84921875 0.23984375 0.215625 0.1984375
208 0.9609375 0.334375 0.075 0.178125
64 0.67421875 0.14453125 0.1953125 0.178125
64 0.5140625 0.07890625 0.209375 0.1578125