64 0.16953125 0.2015625 0.190625 0.1765625
208 0.6078125 0.64765625 0.1953125 0.1828125
64 0.26328125 0.51796875 0.1953125 0.18125
174 0.79140625 0.7203125 0.215625 0.196875
174 0.0953125 0.45078125 0.190625 0.1828125
64 0.4328125 0.590625 0.1953125 0.1796875
208 0.04921875 0.67578125 0.0984375 0.1796875
174 0.93984375 0.25234375 0.1171875 0.1796875
174 0.26171875 0.0359375 0.2171875 0.071875
64 0.61875 0.11875 0.1890625 0.1671875
208 0.7953125 0.1890625 0.190625 0.1625
208 0.4421875 0.07578125 0.203125 0.1515625