64 0.21953125 0.1671875 0.2078125 0.19375
182 0.1171875 0.3796875 0.234375 0.234375
174 0.29921875 0.51171875 0.2140625 0.2015625
72 0.06171875 0.58828125 0.1234375 0.2546875
72 0.36875 0.81015625 0.221875 0.2234375
216 0.54765625 0.89765625 0.2359375 0.2015625
216 0.1875 0.70703125 0.2265625 0.2390625
208 0.95390625 0.3421875 0.0890625 0.196875
174 0.84609375 0.2515625 0.2125 0.1984375
64 0.678125 0.15625 0.1875 0.1765625
174 0.515625 0.084375 0.2125 0.16875
208 0.3453125 0.03671875 0.215625 0.0734375