64 0.09921875 0.33125 0.1734375 0.1359375
182 0.10078125 0.56796875 0.1890625 0.1734375
174 0.3265625 0.60234375 0.1765625 0.1421875
72 0.09453125 0.80625 0.1890625 0.2
72 0.52421875 0.8359375 0.16875 0.1734375
216 0.73046875 0.846875 0.1828125 0.1765625
216 0.315625 0.8265625 0.1640625 0.1953125
208 0.8859375 0.125 0.1703125 0.1390625
174 0.69609375 0.12109375 0.1765625 0.140625
64 0.503125 0.11328125 0.153125 0.1265625
174 0.31796875 0.10859375 0.1765625 0.1375
208 0.121875 0.1 0.1765625 0.140625