219 0.97421875 0.2859375 0.0484375 0.15625
224 0.62890625 0.16953125 0.203125 0.2140625
143 0.24296875 0.06796875 0.2046875 0.1359375
46 0.43046875 0.1109375 0.1921875 0.196875
142 0.21875 0.228125 0.2171875 0.2171875
142 0.10625 0.446875 0.2125 0.234375
143 0.29453125 0.54140625 0.21875 0.2140625
224 0.68359375 0.68984375 0.1921875 0.20625
46 0.48515625 0.62421875 0.175 0.1875
223 0.05234375 0.6515625 0.1046875 0.20625
142 0.19921875 0.72109375 0.2109375 0.225
45 0.85625 0.20546875 0.1890625 0.2078125