219 0.6890625 0.0265625 0.153125 0.053125
224 0.340625 0.1828125 0.2203125 0.2265625
143 0.04609375 0.38125 0.0921875 0.2125
46 0.16484375 0.29140625 0.2078125 0.209375
142 0.11328125 0.52734375 0.2265625 0.2328125
142 0.19609375 0.75859375 0.2328125 0.24375
143 0.39375 0.68046875 0.2328125 0.2296875
224 0.76328125 0.490625 0.209375 0.21875
46 0.58203125 0.59375 0.190625 0.196875
223 0.2890625 0.9265625 0.19375 0.14375
142 0.46328125 0.871875 0.228125 0.2375
45 0.51953125 0.07421875 0.2078125 0.1484375