218 0.32890625 0.36171875 0.1875 0.19375
74 0.11875 0.34375 0.171875 0.1875
184 0.54296875 0.38125 0.190625 0.1921875
71 0.10234375 0.5546875 0.165625 0.175
215 0.52734375 0.59765625 0.190625 0.196875
181 0.30859375 0.58125 0.19375 0.190625
218 0.7359375 0.653125 0.1828125 0.1859375
184 0.090625 0.83984375 0.18125 0.2078125
74 0.296875 0.8671875 0.1796875 0.1890625
215 0.353125 0.08359375 0.184375 0.1671875
181 0.56328125 0.1015625 0.2078125 0.1796875
71 0.13984375 0.08203125 0.1765625 0.1640625