64 0.56328125 0.14296875 0.1640625 0.1328125
184 0.346875 0.134375 0.2046875 0.1921875
74 0.13515625 0.115625 0.1703125 0.1875
215 0.1359375 0.315625 0.1921875 0.184375
181 0.56875 0.36875 0.2015625 0.1859375
218 0.353125 0.38046875 0.175 0.18125
215 0.09453125 0.56875 0.1765625 0.18125
181 0.30546875 0.5921875 0.1890625 0.18125
71 0.26328125 0.83203125 0.171875 0.1796875
218 0.6921875 0.90625 0.171875 0.184375
74 0.06953125 0.8484375 0.1390625 0.19375
184 0.47578125 0.89453125 0.1984375 0.1859375