218 0.09765625 0.4390625 0.1796875 0.184375
184 0.50390625 0.3703125 0.1953125 0.203125
74 0.29296875 0.409375 0.1765625 0.2
181 0.121875 0.64765625 0.2046875 0.1984375
64 0.71953125 0.565625 0.1796875 0.1625
218 0.3265625 0.65078125 0.18125 0.18125
74 0.52578125 0.6203125 0.1625 0.1859375
215 0.17421875 0.87578125 0.1890625 0.1921875
184 0.3890625 0.8765625 0.196875 0.196875
71 0.23203125 0.14140625 0.1796875 0.1765625
181 0.06640625 0.18046875 0.1328125 0.1953125
208 0.43828125 0.1234375 0.18125 0.1578125