184 0.26328125 0.19140625 0.2046875 0.2
215 0.4859375 0.340625 0.196875 0.2015625
218 0.2859375 0.42421875 0.2015625 0.2078125
74 0.0921875 0.47578125 0.184375 0.1984375
215 0.3578125 0.62890625 0.190625 0.1890625
71 0.55234375 0.584375 0.1859375 0.196875
184 0.15625 0.71640625 0.20625 0.203125
181 0.39921875 0.85546875 0.2046875 0.2015625
74 0.2015625 0.9203125 0.2 0.15625
218 0.6171875 0.85 0.203125 0.1984375
71 0.45390625 0.10546875 0.1796875 0.1859375
181 0.07265625 0.20546875 0.1453125 0.2015625