181 0.4515625 0.12265625 0.2015625 0.19375
71 0.653125 0.0921875 0.178125 0.184375
64 0.83671875 0.0671875 0.1640625 0.134375
218 0.075 0.24765625 0.15 0.1921875
184 0.253125 0.2109375 0.209375 0.1875
215 0.10859375 0.43359375 0.19375 0.19375
71 0.5359375 0.58828125 0.184375 0.203125
181 0.3421875 0.63046875 0.2125 0.20625
218 0.14921875 0.71171875 0.196875 0.1890625
215 0.58984375 0.81015625 0.190625 0.19375
184 0.396875 0.89296875 0.1921875 0.1953125
74 0.20234375 0.92265625 0.1828125 0.1515625