143 0.52265625 0.15390625 0.2046875 0.1921875
46 0.08203125 0.2171875 0.1640625 0.18125
142 0.14140625 0.40625 0.19375 0.2046875
224 0.32578125 0.41328125 0.175 0.1828125
142 0.39296875 0.625 0.1921875 0.225
224 0.57890625 0.63671875 0.1765625 0.2015625
143 0.82890625 0.6015625 0.2 0.1921875
46 0.14921875 0.69765625 0.1828125 0.1984375
45 0.38125 0.86171875 0.18125 0.196875
223 0.19453125 0.8890625 0.1390625 0.1953125
223 0.7421875 0.0890625 0.159375 0.178125
45 0.30546875 0.13671875 0.14375 0.2