143 0.7171875 0.22890625 0.2390625 0.2328125
46 0.31328125 0.06640625 0.2140625 0.1328125
142 0.26015625 0.2171875 0.234375 0.240625
224 0.40703125 0.32890625 0.2109375 0.215625
142 0.340625 0.540625 0.240625 0.2578125
224 0.48671875 0.65703125 0.21875 0.23125
143 0.71171875 0.771875 0.2359375 0.23125
46 0.10625 0.46171875 0.2125 0.2328125
45 0.1953125 0.728125 0.2203125 0.2296875
223 0.06015625 0.64375 0.1203125 0.215625
223 0.91875 0.28984375 0.159375 0.2296875
45 0.54921875 0.10078125 0.1921875 0.2015625