65 0.5109375 0.096875 0.2125 0.19375
175 0.69453125 0.05703125 0.2234375 0.1140625
209 0.1046875 0.5328125 0.209375 0.196875
183 0.353125 0.62265625 0.2140625 0.2171875
217 0.17578125 0.71171875 0.2078125 0.2171875
73 0.52265625 0.55078125 0.20625 0.221875
209 0.709375 0.48515625 0.215625 0.196875
65 0.8796875 0.41015625 0.1984375 0.1828125
175 0.303125 0.91328125 0.21875 0.1703125
73 0.15078125 0.23046875 0.196875 0.2125
183 0.321875 0.14921875 0.2203125 0.221875
217 0.04375 0.315625 0.0875 0.215625