209 0.38515625 0.1171875 0.1984375 0.16875
175 0.57890625 0.1546875 0.2078125 0.1765625
65 0.928125 0.2328125 0.140625 0.1625
183 0.15859375 0.25703125 0.20625 0.2015625
217 0.109375 0.48359375 0.178125 0.1984375
73 0.67890625 0.5984375 0.175 0.196875
65 0.86953125 0.6625 0.19375 0.1890625
175 0.29609375 0.55703125 0.2125 0.171875
209 0.4984375 0.603125 0.1875 0.1734375
183 0.09140625 0.68984375 0.1828125 0.2140625
73 0.76953125 0.14921875 0.1734375 0.196875
217 0.19296875 0.06796875 0.1921875 0.1359375