217 0.16328125 0.24609375 0.2234375 0.240625
183 0.71328125 0.06015625 0.2296875 0.1203125
73 0.34765625 0.17109375 0.2171875 0.228125
175 0.06171875 0.35 0.1234375 0.2375
209 0.546875 0.109375 0.2296875 0.215625
65 0.09765625 0.57109375 0.1953125 0.2015625
183 0.89140625 0.4234375 0.2140625 0.2375
217 0.71796875 0.5109375 0.209375 0.228125
65 0.38046875 0.70625 0.21875 0.20625
175 0.19140625 0.790625 0.234375 0.2078125
209 0.56171875 0.63046875 0.2203125 0.196875
73 0.26484375 0.925 0.2203125 0.146875