217 0.47109375 0.10078125 0.2265625 0.2015625
183 0.94921875 0.33359375 0.0984375 0.2359375
73 0.6484375 0.16953125 0.21875 0.2296875
175 0.28515625 0.071875 0.2484375 0.14375
209 0.825 0.2796875 0.23125 0.21875
65 0.17578125 0.2359375 0.2125 0.2015625
183 0.82109375 0.75234375 0.234375 0.2375
217 0.634375 0.67109375 0.2125 0.228125
65 0.265625 0.5453125 0.21875 0.2078125
175 0.0984375 0.45859375 0.196875 0.2109375
209 0.44140625 0.63203125 0.2203125 0.1984375
73 0.053125 0.6265625 0.10625 0.228125