65 0.58046875 0.159375 0.2015625 0.1859375
209 0.93125 0.2671875 0.134375 0.196875
175 0.15 0.28203125 0.2203125 0.19375
183 0.2703125 0.521875 0.209375 0.215625
73 0.08984375 0.4765625 0.1796875 0.209375
175 0.4640625 0.6203125 0.2265625 0.19375
65 0.859375 0.7265625 0.1984375 0.190625
209 0.66953125 0.6796875 0.1921875 0.16875
217 0.06015625 0.6984375 0.1203125 0.2125
73 0.19609375 0.06171875 0.1859375 0.1234375
217 0.390625 0.08828125 0.184375 0.1765625
183 0.77421875 0.17734375 0.20625 0.2078125