144 0.778125 0.1796875 0.2203125 0.240625
219 0.9421875 0.23046875 0.1125 0.1515625
47 0.2140625 0.3109375 0.196875 0.2203125
47 0.321875 0.58828125 0.1953125 0.2171875
47 0.859375 0.68828125 0.1890625 0.225
144 0.12578125 0.56015625 0.2171875 0.2453125
225 0.5015625 0.62734375 0.1890625 0.2390625
225 0.675 0.66328125 0.19375 0.225
144 0.103125 0.79453125 0.20625 0.2453125
225 0.58828125 0.134375 0.1859375 0.21875
144 0.39453125 0.10703125 0.2203125 0.2140625
47 0.19375 0.0890625 0.196875 0.178125