64 0.734375 0.04765625 0.175 0.0953125
211 0.09140625 0.471875 0.1828125 0.21875
177 0.703125 0.48984375 0.2171875 0.2140625
67 0.3125 0.64140625 0.2015625 0.2171875
210 0.13984375 0.7109375 0.2015625 0.2140625
176 0.51171875 0.56953125 0.215625 0.215625
64 0.9015625 0.4515625 0.1828125 0.175
211 0.2421875 0.90234375 0.20625 0.1921875
176 0.3421875 0.13203125 0.2109375 0.203125
177 0.53828125 0.08203125 0.2234375 0.1640625
210 0.04140625 0.27265625 0.0828125 0.2140625
66 0.15546875 0.21015625 0.1984375 0.20625