208 0.76484375 0.0625 0.1921875 0.125
176 0.10859375 0.4390625 0.2171875 0.203125
66 0.7046875 0.51015625 0.190625 0.2046875
67 0.3203125 0.6234375 0.1796875 0.1984375
177 0.51171875 0.56796875 0.2109375 0.20625
211 0.1359375 0.67578125 0.1890625 0.209375
208 0.89375 0.4875 0.18125 0.165625
176 0.23125 0.87734375 0.2 0.203125
67 0.56484375 0.08515625 0.1921875 0.1703125
66 0.20703125 0.17734375 0.1859375 0.196875
210 0.38515625 0.128125 0.1984375 0.2078125
177 0.06015625 0.2359375 0.1203125 0.203125