208 0.8546875 0.0984375 0.171875 0.1359375
176 0.11953125 0.3640625 0.1984375 0.1828125
210 0.5203125 0.5609375 0.1625 0.184375
176 0.3203125 0.58359375 0.1921875 0.184375
67 0.71796875 0.55 0.1640625 0.190625
211 0.1109375 0.6078125 0.171875 0.18125
177 0.1375 0.82890625 0.1859375 0.19375
66 0.3328125 0.81640625 0.1640625 0.1890625
177 0.284375 0.12109375 0.1796875 0.18125
67 0.47265625 0.10546875 0.16875 0.16875
211 0.078125 0.14609375 0.15625 0.1765625
66 0.67109375 0.0953125 0.15625 0.184375