64 0.78203125 0.0578125 0.1921875 0.115625
176 0.103125 0.446875 0.20625 0.221875
177 0.52578125 0.56171875 0.2171875 0.2234375
210 0.1421875 0.68359375 0.228125 0.23125
177 0.734375 0.503125 0.2015625 0.2203125
67 0.3328125 0.62734375 0.196875 0.20625
66 0.403125 0.846875 0.21875 0.2171875
176 0.2140625 0.89921875 0.221875 0.1984375
66 0.18828125 0.175 0.196875 0.2
177 0.59453125 0.07890625 0.2203125 0.1578125
211 0.04921875 0.23515625 0.0984375 0.2046875
210 0.38984375 0.11875 0.1859375 0.1984375