47 0.95078125 0.3453125 0.0953125 0.228125
225 0.6640625 0.1640625 0.2109375 0.21875
47 0.3203125 0.046875 0.21875 0.09375
144 0.83046875 0.25625 0.240625 0.2359375
144 0.4890625 0.096875 0.24375 0.19375
225 0.2234375 0.153125 0.2078125 0.2140625
144 0.32734375 0.45234375 0.234375 0.2265625
47 0.8109375 0.709375 0.225 0.240625
225 0.6484375 0.62578125 0.21875 0.228125
144 0.13828125 0.35703125 0.23125 0.2265625
225 0.49140625 0.5484375 0.2203125 0.2234375
47 0.0703125 0.52109375 0.140625 0.2171875