211 0.0921875 0.42734375 0.184375 0.2078125
66 0.2921875 0.3953125 0.209375 0.221875
176 0.14375 0.68125 0.2125 0.234375
177 0.7828125 0.5578125 0.2328125 0.2234375
66 0.56796875 0.609375 0.1875 0.203125
210 0.36015625 0.65234375 0.2078125 0.2234375
67 0.39296875 0.88515625 0.1953125 0.2109375
211 0.1828125 0.91015625 0.2125 0.1765625
176 0.075 0.18515625 0.15 0.2140625
210 0.6984375 0.0796875 0.196875 0.159375
177 0.47421875 0.11015625 0.2203125 0.2203125
67 0.25859375 0.15703125 0.2109375 0.221875