64 0.83203125 0.065625 0.1578125 0.13125
213 0.05234375 0.21484375 0.1046875 0.1609375
179 0.23203125 0.18125 0.1703125 0.1546875
68 0.096875 0.37734375 0.1578125 0.1765625
212 0.0890625 0.5953125 0.178125 0.203125
178 0.4859375 0.52734375 0.196875 0.190625
64 0.90625 0.478125 0.159375 0.14375
213 0.27578125 0.6078125 0.1703125 0.1578125
179 0.70390625 0.5359375 0.1765625 0.171875
68 0.16171875 0.7953125 0.1828125 0.2046875
212 0.44296875 0.10234375 0.171875 0.1859375
178 0.64765625 0.08359375 0.1953125 0.1671875