213 0.415625 0.13359375 0.1703125 0.171875
69 0.61484375 0.09453125 0.1625 0.1609375
213 0.08515625 0.42109375 0.1703125 0.1796875
68 0.49609375 0.51484375 0.16875 0.184375
212 0.11484375 0.59609375 0.1609375 0.1875
179 0.90625 0.459375 0.1734375 0.1640625
69 0.3 0.5921875 0.171875 0.1625
213 0.6921875 0.5109375 0.1671875 0.165625
178 0.1609375 0.78515625 0.184375 0.1828125
178 0.21875 0.14140625 0.1796875 0.1796875
212 0.05625 0.18671875 0.1125 0.1796875
68 0.81484375 0.05390625 0.1640625 0.1078125