174 0.85546875 0.07265625 0.171875 0.1328125
69 0.63515625 0.11640625 0.1625 0.1640625
213 0.4203125 0.1515625 0.1609375 0.1671875
68 0.08984375 0.36484375 0.1796875 0.1765625
68 0.27578125 0.55625 0.1546875 0.1734375
178 0.46640625 0.534375 0.1796875 0.19375
212 0.08203125 0.58984375 0.1546875 0.1765625
69 0.8734375 0.51875 0.1671875 0.153125
213 0.66796875 0.54921875 0.1640625 0.184375
69 0.12265625 0.83203125 0.1703125 0.1609375
178 0.221875 0.1359375 0.1796875 0.1828125
212 0.0515625 0.16875 0.103125 0.196875