174 0.9671875 0.33671875 0.0625 0.1703125
69 0.82265625 0.25234375 0.190625 0.1921875
213 0.62265625 0.1640625 0.190625 0.1953125
68 0.2265625 0.16171875 0.2140625 0.2078125
68 0.28125 0.425 0.1875 0.1984375
178 0.453125 0.5109375 0.215625 0.225
212 0.10078125 0.34765625 0.1890625 0.2015625
69 0.803125 0.71875 0.1921875 0.184375
213 0.6140625 0.6328125 0.2 0.2109375
69 0.05078125 0.5734375 0.1015625 0.19375
178 0.46484375 0.07578125 0.2140625 0.1515625
212 0.28046875 0.0359375 0.1984375 0.071875