179 0.12421875 0.25859375 0.1765625 0.165625
212 0.90703125 0.56796875 0.1828125 0.1859375
68 0.5140625 0.50703125 0.171875 0.1859375
179 0.090625 0.4765625 0.1765625 0.171875
69 0.6953125 0.575 0.1578125 0.1796875
213 0.3109375 0.5203125 0.1765625 0.178125
212 0.07578125 0.65390625 0.1515625 0.1921875
178 0.75 0.1171875 0.178125 0.178125
68 0.55703125 0.0875 0.1625 0.16875
212 0.371875 0.0765625 0.1625 0.153125
69 0.92890625 0.18203125 0.1390625 0.1671875
213 0.15390625 0.06875 0.1640625 0.1375