179 0.078125 0.51796875 0.15625 0.1984375
212 0.8734375 0.32109375 0.215625 0.215625
68 0.515625 0.49765625 0.2046875 0.2125
179 0.1515625 0.715625 0.20625 0.203125
69 0.703125 0.44921875 0.1921875 0.203125
213 0.35703125 0.62578125 0.20625 0.2078125
212 0.2296875 0.87734375 0.2109375 0.21875
178 0.4859375 0.07421875 0.209375 0.1484375
68 0.309375 0.1296875 0.1921875 0.1953125
212 0.14296875 0.21484375 0.19375 0.20625
69 0.6765625 0.0421875 0.190625 0.084375
213 0.02890625 0.3375 0.0578125 0.184375