179 0.08125 0.35703125 0.1625 0.1578125
212 0.91171875 0.46796875 0.1734375 0.1765625
68 0.51484375 0.503125 0.1609375 0.1765625
179 0.09765625 0.57578125 0.1671875 0.1625
69 0.7078125 0.52578125 0.1484375 0.171875
213 0.32109375 0.565625 0.1671875 0.16875
212 0.1125 0.75546875 0.1671875 0.18125
178 0.65078125 0.0765625 0.1703125 0.153125
68 0.45546875 0.0859375 0.153125 0.1609375
212 0.26875 0.10546875 0.1515625 0.1734375
69 0.8484375 0.084375 0.1515625 0.15625
213 0.0671875 0.15625 0.134375 0.146875