213 0.26484375 0.0453125 0.1890625 0.090625
69 0.453125 0.0921875 0.215625 0.184375
179 0.18125 0.19375 0.2015625 0.19375
68 0.66171875 0.6171875 0.20625 0.221875
178 0.48125 0.53671875 0.2140625 0.2234375
212 0.296875 0.4515625 0.1984375 0.2125
213 0.08984375 0.38984375 0.1796875 0.1984375
69 0.81640625 0.7390625 0.196875 0.1984375
179 0.04609375 0.5859375 0.0921875 0.19375
68 0.853125 0.22265625 0.196875 0.2109375
178 0.965625 0.31328125 0.065625 0.2171875
212 0.66484375 0.14921875 0.2125 0.2171875