213 0.08984375 0.15234375 0.1390625 0.1484375
179 0.29921875 0.1515625 0.165625 0.1390625
69 0.51875 0.15703125 0.1390625 0.140625
178 0.0984375 0.32421875 0.1546875 0.1671875
68 0.915625 0.51796875 0.1328125 0.1640625
212 0.7171875 0.521875 0.159375 0.1578125
178 0.5296875 0.52578125 0.1390625 0.1625
179 0.10390625 0.56640625 0.1546875 0.15
69 0.30859375 0.57265625 0.1390625 0.140625
212 0.10078125 0.73828125 0.1390625 0.15625
212 0.9125 0.10234375 0.146875 0.15625
68 0.7234375 0.10625 0.1515625 0.15625