213 0.08359375 0.159375 0.140625 0.15
179 0.29296875 0.15546875 0.1671875 0.1421875
69 0.51328125 0.15625 0.1421875 0.1421875
178 0.0953125 0.33125 0.1578125 0.16875
68 0.91640625 0.51015625 0.1359375 0.165625
212 0.7171875 0.51796875 0.1625 0.1609375
178 0.5296875 0.52578125 0.1421875 0.1640625
179 0.10546875 0.5734375 0.15625 0.1515625
69 0.309375 0.5765625 0.1421875 0.1421875
212 0.10546875 0.7453125 0.1421875 0.1578125
212 0.90546875 0.0953125 0.15 0.1578125
68 0.71640625 0.10234375 0.1546875 0.159375