70 0.57265625 0.15078125 0.240625 0.2296875
214 0.328125 0.18671875 0.24375 0.228125
180 0.8234375 0.12109375 0.246875 0.2421875
214 0.1015625 0.225 0.203125 0.221875
180 0.3546875 0.41875 0.25625 0.2265625
70 0.1125 0.46015625 0.225 0.2203125
180 0.39296875 0.665625 0.259375 0.228125
70 0.88515625 0.60234375 0.2265625 0.2140625
70 0.646875 0.6375 0.228125 0.2078125
214 0.1484375 0.70859375 0.240625 0.2234375
214 0.43828125 0.89296875 0.2390625 0.2109375
180 0.18828125 0.91328125 0.2546875 0.1703125