180 0.1359375 0.34921875 0.2296875 0.2015625
70 0.384375 0.35546875 0.221875 0.1890625
214 0.134375 0.59765625 0.228125 0.1984375
180 0.6203125 0.61015625 0.221875 0.1875
180 0.8765625 0.61484375 0.221875 0.184375
70 0.371875 0.60859375 0.209375 0.1828125
70 0.3734375 0.83828125 0.2140625 0.190625
214 0.1265625 0.83984375 0.2203125 0.1921875
214 0.13828125 0.11328125 0.2109375 0.1921875
70 0.38203125 0.1171875 0.2078125 0.184375
180 0.87421875 0.128125 0.2265625 0.1796875
214 0.621875 0.12734375 0.2234375 0.1859375