180 0.17578125 0.2765625 0.2640625 0.2421875
70 0.4171875 0.33515625 0.2546875 0.2296875
214 0.12734375 0.51953125 0.2546875 0.2421875
180 0.59453125 0.6328125 0.253125 0.228125
180 0.84375 0.690625 0.253125 0.225
70 0.3515625 0.5796875 0.240625 0.221875
70 0.30625 0.8046875 0.246875 0.2296875
214 0.09609375 0.7546875 0.1921875 0.234375
214 0.22734375 0.08125 0.2453125 0.1625
70 0.46484375 0.10625 0.2421875 0.2125
180 0.90625 0.21484375 0.184375 0.2234375
214 0.696875 0.1609375 0.25625 0.2265625