214 0.09296875 0.29296875 0.1859375 0.2359375
180 0.75625 0.09375 0.275 0.1875
70 0.52421875 0.14140625 0.2453125 0.23125
214 0.2953125 0.221875 0.265625 0.2390625
180 0.365625 0.4359375 0.2640625 0.2453125
70 0.1265625 0.51640625 0.253125 0.2328125
180 0.44453125 0.665625 0.2546875 0.2296875
70 0.88515625 0.5203125 0.2265625 0.259375
214 0.20625 0.74765625 0.26875 0.246875
70 0.67734375 0.59609375 0.2546875 0.2453125
180 0.2796875 0.92265625 0.26875 0.1515625
214 0.51796875 0.8828125 0.2546875 0.23125