214 0.09453125 0.2859375 0.1890625 0.234375
180 0.76484375 0.09609375 0.2734375 0.1921875
70 0.53046875 0.1421875 0.2421875 0.2296875
214 0.3 0.21796875 0.2625 0.2359375
180 0.3671875 0.43359375 0.2625 0.2421875
70 0.12578125 0.509375 0.2515625 0.23125
180 0.44140625 0.66484375 0.253125 0.228125
70 0.88515625 0.52734375 0.2265625 0.2578125
214 0.20234375 0.7421875 0.2671875 0.24375
70 0.67578125 0.59921875 0.253125 0.24375
180 0.27109375 0.92109375 0.2671875 0.1546875
214 0.5125 0.88359375 0.253125 0.2296875