214 0.11484375 0.51328125 0.2296875 0.2578125
180 0.31484375 0.40234375 0.284375 0.2765625
180 0.2109375 0.7328125 0.271875 0.2578125
70 0.859375 0.40234375 0.278125 0.2828125
214 0.6515625 0.51171875 0.2734375 0.265625
180 0.4328125 0.625 0.2765625 0.265625
214 0.31484375 0.90703125 0.2671875 0.1828125
70 0.53203125 0.83671875 0.2671875 0.259375
70 0.05859375 0.3140625 0.1171875 0.25
70 0.6296875 0.06171875 0.278125 0.1234375
214 0.20390625 0.2078125 0.2703125 0.25625
180 0.42265625 0.1171875 0.2796875 0.234375