214 0.21796875 0.20625 0.2625 0.2421875
180 0.44921875 0.296875 0.275 0.2640625
180 0.13359375 0.44140625 0.2640625 0.24375
70 0.81484375 0.70390625 0.271875 0.2703125
214 0.59296875 0.6203125 0.2640625 0.2546875
180 0.3625 0.534375 0.26875 0.2515625
214 0.08984375 0.65703125 0.1796875 0.2359375
70 0.27109375 0.74921875 0.2578125 0.246875
70 0.2953125 0.05625 0.253125 0.1125
70 0.915625 0.2546875 0.165625 0.25625
214 0.51953125 0.10390625 0.2640625 0.2078125
180 0.746875 0.17265625 0.26875 0.2609375