180 0.43203125 0.32109375 0.2734375 0.2390625
180 0.18515625 0.26640625 0.2671875 0.25625
70 0.12265625 0.5015625 0.2453125 0.246875
214 0.60078125 0.6171875 0.259375 0.240625
70 0.8421875 0.6734375 0.25625 0.2421875
180 0.36015625 0.5625 0.253125 0.2328125
180 0.1015625 0.73984375 0.203125 0.2234375
214 0.31875 0.7984375 0.26875 0.240625
214 0.91015625 0.19921875 0.1765625 0.2171875
70 0.46640625 0.10390625 0.2515625 0.2078125
70 0.70390625 0.14609375 0.2578125 0.2375
214 0.22890625 0.07734375 0.2421875 0.1546875