180 0.4609375 0.3125 0.290625 0.265625
180 0.22578125 0.21953125 0.2875 0.2796875
70 0.1296875 0.44140625 0.259375 0.2703125
214 0.58125 0.63125 0.278125 0.265625
70 0.8109375 0.725 0.2765625 0.265625
180 0.35234375 0.53984375 0.2703125 0.25625
180 0.0890625 0.66953125 0.178125 0.2484375
214 0.27421875 0.76640625 0.2859375 0.265625
214 0.9265625 0.2734375 0.14375 0.240625
70 0.53046875 0.109375 0.2703125 0.21875
70 0.75625 0.18203125 0.2765625 0.2609375
214 0.30390625 0.0640625 0.2609375 0.128125