86 0.49296875 0.3546875 0.1859375 0.1734375
242 0.29375 0.38359375 0.1953125 0.134375
197 0.09921875 0.4234375 0.1796875 0.1578125
242 0.13359375 0.66953125 0.1859375 0.1546875
86 0.33125 0.64375 0.18125 0.1578125
242 0.7203125 0.59140625 0.1921875 0.15625
197 0.91328125 0.5734375 0.1703125 0.146875
197 0.52734375 0.628125 0.1890625 0.1640625
86 0.1765625 0.91796875 0.18125 0.1515625
197 0.25859375 0.1375 0.178125 0.1609375
86 0.45703125 0.1125 0.1828125 0.1578125
242 0.07890625 0.17265625 0.1578125 0.1671875