86 0.52109375 0.35625 0.1734375 0.1609375
242 0.31953125 0.346875 0.1875 0.11875
197 0.12109375 0.3484375 0.16875 0.14375
242 0.1078125 0.596875 0.1765625 0.140625
86 0.30703125 0.60859375 0.1703125 0.1453125
242 0.69921875 0.63203125 0.1828125 0.1421875
197 0.89296875 0.65078125 0.1625 0.1328125
197 0.50234375 0.63046875 0.178125 0.1515625
86 0.103125 0.8484375 0.1703125 0.1390625
197 0.3328125 0.0984375 0.1671875 0.1484375
86 0.53203125 0.1109375 0.171875 0.1453125
242 0.13203125 0.09453125 0.18125 0.1515625