47 0.12734375 0.271875 0.178125 0.1765625
225 0.10078125 0.4828125 0.1765625 0.1921875
47 0.46484375 0.51640625 0.1796875 0.1765625
47 0.2828125 0.5015625 0.16875 0.19375
144 0.66796875 0.53515625 0.190625 0.184375
144 0.87265625 0.55390625 0.2015625 0.1859375
225 0.08515625 0.68359375 0.165625 0.1828125
47 0.14609375 0.07890625 0.1796875 0.1578125
225 0.9140625 0.13984375 0.16875 0.175
225 0.74296875 0.12578125 0.1625 0.1671875
144 0.54921875 0.1109375 0.196875 0.1703125
144 0.3375 0.09765625 0.1921875 0.18125