47 0.1484375 0.240625 0.190625 0.1890625
225 0.10390625 0.4484375 0.1890625 0.2046875
47 0.46328125 0.51328125 0.190625 0.1890625
47 0.28359375 0.4828125 0.1828125 0.2046875
144 0.6640625 0.54921875 0.203125 0.196875
144 0.86640625 0.5859375 0.2140625 0.2
225 0.08046875 0.64609375 0.1609375 0.1953125
47 0.18515625 0.06796875 0.1921875 0.1359375
225 0.92578125 0.17734375 0.1453125 0.1890625
225 0.77421875 0.1484375 0.175 0.178125
144 0.5828125 0.11640625 0.2078125 0.184375
144 0.3734375 0.09140625 0.20625 0.1828125