47 0.11953125 0.28515625 0.1734375 0.1703125
225 0.1 0.496875 0.1703125 0.1875
47 0.465625 0.51796875 0.1734375 0.1703125
47 0.2828125 0.50859375 0.1625 0.1890625
144 0.66875 0.52890625 0.1859375 0.178125
144 0.87421875 0.540625 0.196875 0.1796875
225 0.09140625 0.69765625 0.1609375 0.1765625
47 0.1296875 0.08359375 0.175 0.1671875
225 0.9015625 0.12578125 0.1625 0.1703125
225 0.7296875 0.11796875 0.1578125 0.1625
144 0.53515625 0.109375 0.1921875 0.1640625
144 0.3234375 0.103125 0.1859375 0.175