86 0.10546875 0.3546875 0.178125 0.1359375
242 0.2953125 0.6203125 0.1734375 0.1453125
86 0.4859375 0.6296875 0.1921875 0.1421875
86 0.1015625 0.62265625 0.16875 0.1375
197 0.8828125 0.63984375 0.16875 0.1484375
242 0.6859375 0.63671875 0.1671875 0.134375
197 0.09765625 0.88203125 0.171875 0.1359375
242 0.29609375 0.103125 0.1765625 0.15625
242 0.10625 0.10078125 0.171875 0.14375
197 0.51171875 0.11171875 0.178125 0.1515625
86 0.70703125 0.12109375 0.190625 0.134375
197 0.9046875 0.12421875 0.1640625 0.1328125