29 0.28671875 0.0515625 0.1859375 0.103125
186 0.58828125 0.16796875 0.1515625 0.1515625
186 0.71484375 0.23984375 0.165625 0.165625
29 0.86171875 0.3203125 0.1953125 0.19375
119 0.9609375 0.40546875 0.075 0.1765625
119 0.440625 0.1 0.209375 0.2
194 0.51328125 0.39921875 0.1765625 0.1921875
160 0.3546875 0.31640625 0.209375 0.2125
37 0.1703125 0.21953125 0.1859375 0.1984375
29 0.67109375 0.5046875 0.2015625 0.1859375
194 0.26171875 0.540625 0.184375 0.2
160 0.1046875 0.45234375 0.209375 0.2390625