29 0.18046875 0.07890625 0.1640625 0.1578125
186 0.5109375 0.15703125 0.1375 0.1359375
186 0.65078125 0.1984375 0.15 0.15
29 0.81171875 0.24375 0.1765625 0.1734375
119 0.94609375 0.29140625 0.1046875 0.1546875
119 0.3515625 0.12109375 0.190625 0.1796875
194 0.48984375 0.3984375 0.153125 0.18125
160 0.31640625 0.35390625 0.1875 0.19375
37 0.115625 0.30078125 0.1625 0.1859375
29 0.6671875 0.46640625 0.1890625 0.1609375
194 0.2765625 0.59296875 0.1609375 0.1875
160 0.0984375 0.5453125 0.196875 0.21875