205 0.3796875 0.34375 0.2015625 0.2109375
250 0.15234375 0.30546875 0.2125 0.19375
94 0.6140625 0.390625 0.2078125 0.203125
250 0.109375 0.56953125 0.21875 0.1984375
94 0.79921875 0.69140625 0.2046875 0.20625
205 0.56953125 0.66015625 0.19375 0.19375
205 0.3265625 0.621875 0.209375 0.2140625
94 0.28671875 0.859375 0.215625 0.2140625
250 0.0828125 0.82265625 0.165625 0.1953125
205 0.6484375 0.134375 0.2078125 0.20625
250 0.20234375 0.07734375 0.1953125 0.1546875
94 0.43046875 0.10078125 0.190625 0.196875