96 0.37890625 0.17265625 0.2296875 0.240625
252 0.29375 0.48984375 0.225 0.2125
207 0.1015625 0.58359375 0.203125 0.2203125
249 0.18046875 0.7765625 0.209375 0.2078125
204 0.565625 0.60234375 0.2390625 0.2375
252 0.38515625 0.72421875 0.2328125 0.240625
93 0.68203125 0.80703125 0.228125 0.2203125
96 0.3 0.95078125 0.228125 0.0953125
207 0.49921875 0.9125 0.2203125 0.171875
93 0.55859375 0.07734375 0.2234375 0.1546875
249 0.0390625 0.325 0.078125 0.221875
204 0.165625 0.2328125 0.2140625 0.2171875