96 0.303125 0.059375 0.228125 0.11875
252 0.490625 0.11171875 0.2375 0.2234375
204 0.41171875 0.296875 0.225 0.2359375
207 0.1890625 0.23046875 0.225 0.2265625
204 0.68203125 0.70390625 0.2484375 0.240625
93 0.28203125 0.51875 0.2296875 0.2203125
252 0.465625 0.64765625 0.2234375 0.2328125
96 0.09375 0.46875 0.1875 0.21875
249 0.16640625 0.73203125 0.2328125 0.215625
96 0.0421875 0.678125 0.084375 0.246875
93 0.70546875 0.16015625 0.2265625 0.2203125
249 0.89453125 0.25703125 0.2078125 0.2265625