96 0.1296875 0.109375 0.1734375 0.196875
252 0.340625 0.13125 0.18125 0.203125
204 0.3421875 0.34453125 0.1734375 0.19375
207 0.1109375 0.36640625 0.178125 0.18125
204 0.7453125 0.6203125 0.203125 0.1875
93 0.30546875 0.59921875 0.1890625 0.1703125
252 0.5234375 0.65 0.1734375 0.190625
96 0.09609375 0.628125 0.175 0.171875
249 0.27734375 0.83984375 0.1953125 0.1609375
96 0.08046875 0.8640625 0.1609375 0.209375
93 0.56328125 0.1078125 0.184375 0.171875
249 0.78046875 0.12421875 0.171875 0.1828125