207 0.12578125 0.1140625 0.171875 0.18125
96 0.3578125 0.128125 0.1828125 0.18125
249 0.32421875 0.3234375 0.1859375 0.1640625
93 0.115625 0.31640625 0.1828125 0.16875
249 0.5359375 0.38203125 0.2 0.175
249 0.09296875 0.5765625 0.1859375 0.1625
93 0.53359375 0.60546875 0.1984375 0.1859375
252 0.30859375 0.63203125 0.1734375 0.18125
204 0.53203125 0.8515625 0.1828125 0.1796875
96 0.31640625 0.87734375 0.1703125 0.1890625
207 0.08984375 0.871875 0.1765625 0.1796875
204 0.5734375 0.10078125 0.1734375 0.190625