207 0.31875 0.1421875 0.1515625 0.178125
252 0.528125 0.15390625 0.1609375 0.1734375
249 0.09296875 0.3328125 0.175 0.165625
96 0.315625 0.3828125 0.171875 0.184375
86 0.30859375 0.6078125 0.171875 0.1296875
207 0.08984375 0.621875 0.1640625 0.1890625
249 0.52109375 0.83671875 0.1734375 0.1546875
204 0.10859375 0.8234375 0.1734375 0.1734375
96 0.32265625 0.871875 0.1640625 0.1796875
252 0.73984375 0.8875 0.1703125 0.16875
93 0.109375 0.08984375 0.171875 0.1640625
204 0.746875 0.12109375 0.1578125 0.175