207 0.3703125 0.1203125 0.1734375 0.196875
252 0.5765625 0.1609375 0.1828125 0.1921875
249 0.1203125 0.27734375 0.1953125 0.1859375
96 0.33359375 0.3578125 0.19375 0.2046875
86 0.2953125 0.5796875 0.1859375 0.15
207 0.0859375 0.56328125 0.171875 0.2109375
249 0.47421875 0.83671875 0.190625 0.1765625
204 0.0828125 0.76640625 0.165625 0.1953125
96 0.27265625 0.84375 0.1859375 0.1984375
252 0.68359375 0.91015625 0.1921875 0.1765625
93 0.1703125 0.0671875 0.19375 0.134375
204 0.79765625 0.15859375 0.1796875 0.19375