194 0.059375 0.43359375 0.11875 0.1796875
37 0.21875 0.40546875 0.1625 0.203125
37 0.403125 0.3703125 0.1734375 0.190625
160 0.59375 0.33515625 0.20625 0.203125
186 0.0921875 0.69765625 0.1390625 0.14375
186 0.3921875 0.6359375 0.14375 0.1390625
119 0.7140625 0.57109375 0.1765625 0.1609375
29 0.24296875 0.671875 0.1546875 0.1578125
119 0.9 0.5328125 0.1703125 0.1640625
29 0.54375 0.609375 0.159375 0.1515625
194 0.03515625 0.19765625 0.0703125 0.1921875
160 0.18671875 0.16171875 0.190625 0.2015625