198 0.27265625 0.0625 0.2421875 0.125
243 0.6578125 0.1765625 0.2546875 0.2484375
87 0.84921875 0.26484375 0.2375 0.2203125
251 0.178125 0.18359375 0.2109375 0.228125
206 0.37890625 0.2703125 0.2265625 0.240625
206 0.478125 0.58515625 0.2203125 0.2421875
251 0.67734375 0.67109375 0.2234375 0.246875
243 0.2796875 0.5421875 0.2265625 0.2109375
198 0.103125 0.47421875 0.20625 0.2234375
95 0.0546875 0.63828125 0.109375 0.2359375
87 0.1703125 0.7625 0.2484375 0.2359375
95 0.47265625 0.09140625 0.2234375 0.1828125