198 0.18359375 0.08203125 0.2234375 0.1640625
243 0.59296875 0.15234375 0.2328125 0.2234375
87 0.7984375 0.20234375 0.21875 0.19375
251 0.1234375 0.25078125 0.1859375 0.2109375
206 0.3375 0.29765625 0.2015625 0.2203125
206 0.4953125 0.5875 0.19375 0.225
251 0.70703125 0.634375 0.196875 0.2296875
243 0.2921875 0.58359375 0.209375 0.1859375
198 0.09921875 0.55390625 0.1984375 0.1984375
95 0.06640625 0.7328125 0.1328125 0.215625
87 0.2265625 0.8203125 0.228125 0.209375
95 0.3890625 0.09375 0.196875 0.1875