198 0.08515625 0.18359375 0.1703125 0.1828125
243 0.48125 0.140625 0.2171875 0.20625
87 0.69140625 0.125 0.20625 0.1765625
251 0.07578125 0.3796875 0.1515625 0.2
206 0.2828125 0.3578125 0.184375 0.20625
206 0.52265625 0.58515625 0.1765625 0.2109375
251 0.73828125 0.5640625 0.178125 0.215625
243 0.328125 0.64375 0.196875 0.1703125
198 0.12578125 0.67734375 0.2046875 0.18125
95 0.12421875 0.86640625 0.1890625 0.1984375
87 0.3390625 0.8890625 0.2140625 0.1921875
95 0.26328125 0.12890625 0.178125 0.2125