198 0.725 0.1328125 0.2171875 0.1796875
87 0.10546875 0.4296875 0.20625 0.18125
243 0.315625 0.4140625 0.2015625 0.16875
251 0.321875 0.62890625 0.190625 0.19375
206 0.11171875 0.65625 0.18125 0.2109375
87 0.784375 0.6109375 0.2046875 0.1921875
198 0.57421875 0.6515625 0.240625 0.2234375
95 0.3484375 0.865625 0.1828125 0.209375
243 0.1484375 0.91171875 0.221875 0.1734375
206 0.07734375 0.15703125 0.1546875 0.2046875
95 0.28203125 0.13671875 0.196875 0.21875
251 0.48046875 0.11640625 0.1890625 0.209375