194 0.5421875 0.14765625 0.1328125 0.1734375
160 0.14609375 0.103125 0.1859375 0.1875
160 0.36328125 0.13515625 0.178125 0.2
194 0.0890625 0.33046875 0.1375 0.16875
37 0.46015625 0.38046875 0.1703125 0.1875
37 0.27265625 0.3609375 0.1421875 0.184375
186 0.0609375 0.6140625 0.121875 0.146875
119 0.37578125 0.65390625 0.1828125 0.153125
186 0.21015625 0.634375 0.15625 0.1421875
119 0.72578125 0.69765625 0.175 0.153125
29 0.55234375 0.678125 0.1328125 0.1234375
29 0.8921875 0.72421875 0.1375 0.134375