194 0.67109375 0.1890625 0.1765625 0.1953125
160 0.32109375 0.05703125 0.2296875 0.1140625
160 0.509375 0.11484375 0.228125 0.2296875
194 0.1828125 0.1890625 0.1796875 0.19375
37 0.5078125 0.37421875 0.2140625 0.221875
37 0.340625 0.2859375 0.190625 0.2078125
186 0.06484375 0.440625 0.1296875 0.171875
119 0.32734375 0.59609375 0.2125 0.1984375
186 0.18125 0.51640625 0.184375 0.178125
119 0.63515625 0.76796875 0.2046875 0.1953125
29 0.48203125 0.684375 0.159375 0.1546875
29 0.7796875 0.8546875 0.1671875 0.165625