198 0.8671875 0.24140625 0.228125 0.1984375
87 0.6609375 0.1765625 0.225 0.2046875
251 0.1734375 0.2203125 0.221875 0.21875
243 0.38046875 0.328125 0.240625 0.2203125
251 0.10546875 0.46171875 0.2109375 0.2328125
206 0.30703125 0.53203125 0.2078125 0.221875
198 0.7078125 0.6984375 0.2375 0.2125
87 0.50546875 0.6375 0.23125 0.2125
95 0.23203125 0.753125 0.2109375 0.2234375
243 0.07265625 0.73515625 0.1453125 0.2109375
206 0.44609375 0.09140625 0.2234375 0.1828125
95 0.25234375 0.0609375 0.2203125 0.121875