198 0.57734375 0.08359375 0.2390625 0.1671875
87 0.38515625 0.1578125 0.2359375 0.221875
251 0.0953125 0.53359375 0.190625 0.2359375
243 0.29375 0.46328125 0.253125 0.2390625
251 0.18828125 0.75625 0.2390625 0.2453125
206 0.3859375 0.65859375 0.225 0.234375
198 0.78671875 0.49296875 0.2484375 0.23125
87 0.60078125 0.59296875 0.2421875 0.2296875
95 0.48984375 0.86796875 0.228125 0.2359375
243 0.33515625 0.940625 0.2390625 0.115625
206 0.1546875 0.23125 0.2375 0.24375
95 0.04765625 0.328125 0.0953125 0.240625