198 0.63046875 0.08671875 0.2328125 0.1734375
87 0.428125 0.14609375 0.228125 0.2078125
251 0.0921875 0.48125 0.184375 0.225
243 0.29921875 0.43828125 0.24375 0.225
251 0.159375 0.71640625 0.2265625 0.2359375
206 0.36796875 0.64375 0.2125 0.225
198 0.78515625 0.528125 0.240625 0.2171875
87 0.5890625 0.6046875 0.234375 0.2171875
95 0.44453125 0.8640625 0.215625 0.228125
243 0.27578125 0.93203125 0.2296875 0.1328125
206 0.18984375 0.19140625 0.225 0.234375
95 0.05703125 0.26484375 0.1140625 0.2296875