243 0.5375 0.0984375 0.290625 0.196875
87 0.053125 0.3734375 0.10625 0.225
251 0.259375 0.453125 0.2421875 0.2546875
198 0.11328125 0.5828125 0.2265625 0.23125
95 0.3796875 0.67421875 0.2296875 0.2359375
251 0.5578125 0.58203125 0.2421875 0.2546875
243 0.21875 0.8078125 0.25 0.2375
87 0.78671875 0.496875 0.2640625 0.253125
206 0.31015625 0.9328125 0.2546875 0.13125
198 0.5421875 0.89609375 0.259375 0.2046875
95 0.13984375 0.24140625 0.2296875 0.2421875
206 0.32890625 0.14140625 0.2328125 0.246875