243 0.7953125 0.1703125 0.25 0.21875
87 0.1625 0.0859375 0.2203125 0.1703125
251 0.3359375 0.31796875 0.1921875 0.2203125
198 0.13515625 0.328125 0.2046875 0.184375
95 0.29921875 0.56640625 0.1875 0.2
251 0.496875 0.60078125 0.19375 0.2203125
243 0.09921875 0.5765625 0.1984375 0.190625
87 0.73125 0.66953125 0.2265625 0.203125
206 0.0765625 0.78359375 0.153125 0.2234375
198 0.28359375 0.85625 0.2265625 0.1890625
95 0.36875 0.09140625 0.184375 0.1828125
206 0.57890625 0.11015625 0.1828125 0.2140625