243 0.83359375 0.20859375 0.2671875 0.2421875
87 0.215625 0.071875 0.234375 0.14375
251 0.359375 0.29921875 0.2109375 0.2359375
198 0.15859375 0.28515625 0.2203125 0.203125
95 0.2921875 0.54140625 0.2046875 0.2140625
251 0.484375 0.59921875 0.2125 0.234375
243 0.1 0.52578125 0.2 0.2109375
87 0.70859375 0.696875 0.24375 0.2234375
206 0.065625 0.72578125 0.13125 0.2390625
198 0.24140625 0.82734375 0.240625 0.209375
95 0.4203125 0.0890625 0.203125 0.178125
206 0.62578125 0.12265625 0.203125 0.228125