244 0.26171875 0.4609375 0.2484375 0.2421875
88 0.09453125 0.5625 0.1890625 0.2375
88 0.5921875 0.6015625 0.2515625 0.2515625
199 0.18671875 0.7953125 0.2375 0.2515625
244 0.38203125 0.70546875 0.228125 0.2375
200 0.790625 0.515625 0.2453125 0.2578125
245 0.4828125 0.90390625 0.2375 0.1890625
89 0.28984375 0.95078125 0.2265625 0.0953125
245 0.15859375 0.228125 0.2359375 0.24375
200 0.37421875 0.1375 0.2515625 0.2546875
199 0.0453125 0.32890625 0.090625 0.2359375
89 0.58046875 0.0890625 0.2578125 0.178125