244 0.28203125 0.396875 0.215625 0.20625
88 0.08515625 0.4421875 0.1703125 0.209375
88 0.5609375 0.6234375 0.2171875 0.2171875
199 0.11796875 0.69765625 0.1984375 0.221875
244 0.3296875 0.665625 0.19375 0.2078125
200 0.775 0.59453125 0.20625 0.228125
245 0.365625 0.90078125 0.20625 0.1953125
89 0.15546875 0.91875 0.1921875 0.159375
245 0.246875 0.14453125 0.2 0.2125
200 0.47890625 0.11640625 0.215625 0.221875
199 0.07109375 0.1890625 0.1421875 0.203125
89 0.70234375 0.09921875 0.2234375 0.1984375