244 0.1609375 0.25234375 0.21875 0.21875
88 0.36796875 0.321875 0.21875 0.2234375
244 0.73359375 0.6953125 0.2296875 0.23125
200 0.10234375 0.5078125 0.2046875 0.228125
245 0.3 0.5734375 0.2265625 0.2296875
199 0.5140625 0.64609375 0.225 0.2421875
88 0.21484375 0.81328125 0.2296875 0.2296875
89 0.0640625 0.75234375 0.128125 0.2234375
245 0.6578125 0.140625 0.21875 0.2296875
89 0.45859375 0.09921875 0.2109375 0.1984375
199 0.86875 0.215625 0.2296875 0.2359375
200 0.2390625 0.0703125 0.215625 0.140625