244 0.10078125 0.55078125 0.2015625 0.2359375
88 0.28203125 0.459375 0.2359375 0.2390625
244 0.80390625 0.48359375 0.246875 0.246875
200 0.20390625 0.7859375 0.2453125 0.24375
245 0.40390625 0.68984375 0.24375 0.2453125
199 0.61015625 0.59765625 0.24375 0.2546875
88 0.50546875 0.89921875 0.2484375 0.1984375
89 0.31484375 0.94765625 0.2453125 0.1015625
245 0.3703125 0.1296875 0.2375 0.2453125
89 0.18671875 0.22578125 0.2265625 0.2359375
199 0.57578125 0.08359375 0.2484375 0.1671875
200 0.05234375 0.33359375 0.1046875 0.2390625