244 0.103125 0.57265625 0.20625 0.2390625
88 0.28046875 0.47109375 0.2390625 0.2421875
244 0.803125 0.46796875 0.25 0.2515625
200 0.21953125 0.80078125 0.25 0.246875
245 0.4140625 0.6953125 0.2484375 0.2484375
199 0.61484375 0.59140625 0.2484375 0.259375
88 0.52734375 0.89765625 0.2515625 0.2015625
89 0.3421875 0.95078125 0.25 0.0953125
245 0.3515625 0.13671875 0.2421875 0.2484375
89 0.17265625 0.24296875 0.23125 0.2390625
199 0.5515625 0.08359375 0.253125 0.1671875
200 0.04921875 0.36015625 0.0984375 0.2421875