88 0.67734375 0.16796875 0.2203125 0.2265625
89 0.88359375 0.23203125 0.2296875 0.2453125
199 0.4515625 0.11015625 0.228125 0.2203125
245 0.390625 0.340625 0.2359375 0.2296875
200 0.1671875 0.2859375 0.2140625 0.2375
244 0.5234375 0.6640625 0.2234375 0.221875
245 0.73828125 0.725 0.2125 0.2203125
200 0.31015625 0.60390625 0.2046875 0.225
89 0.10390625 0.54140625 0.2078125 0.2328125
199 0.0671875 0.77890625 0.134375 0.2296875
89 0.24765625 0.85078125 0.225 0.2234375
244 0.23828125 0.08359375 0.2296875 0.1671875