88 0.75234375 0.22109375 0.2453125 0.2484375
89 0.90390625 0.33359375 0.1890625 0.2703125
199 0.54921875 0.115625 0.2515625 0.23125
245 0.43203125 0.31953125 0.259375 0.25625
200 0.22890625 0.21171875 0.2421875 0.2546875
244 0.48359375 0.66484375 0.246875 0.2453125
245 0.67734375 0.7765625 0.2359375 0.240625
200 0.290625 0.5546875 0.2328125 0.2421875
89 0.1109375 0.4421875 0.221875 0.25625
199 0.046875 0.6546875 0.09375 0.25
89 0.1703125 0.7796875 0.2484375 0.246875
244 0.3578125 0.06328125 0.259375 0.1265625