200 0.278125 0.41640625 0.2140625 0.221875
88 0.09140625 0.48515625 0.1828125 0.2203125
244 0.80390625 0.51484375 0.2203125 0.215625
245 0.14921875 0.7296875 0.2125 0.215625
199 0.575 0.60234375 0.225 0.2390625
88 0.36171875 0.675 0.215625 0.2265625
200 0.43515625 0.8875 0.2140625 0.221875
89 0.23671875 0.9265625 0.2203125 0.14375
244 0.62109375 0.0796875 0.2203125 0.159375
199 0.41484375 0.11796875 0.20625 0.221875
245 0.2015625 0.18671875 0.215625 0.215625
89 0.05390625 0.25390625 0.1078125 0.2265625