199 0.35078125 0.125 0.18125 0.1921875
89 0.1140625 0.36171875 0.1765625 0.1921875
200 0.340625 0.3765625 0.1875 0.203125
199 0.559375 0.6484375 0.1875 0.19375
200 0.31796875 0.63828125 0.190625 0.1890625
89 0.78046875 0.6640625 0.1859375 0.203125
88 0.1046875 0.62890625 0.1859375 0.2015625
244 0.3 0.89140625 0.2015625 0.1984375
245 0.08515625 0.88203125 0.1703125 0.1828125
245 0.1203125 0.10390625 0.1859375 0.1859375
244 0.57578125 0.1296875 0.19375 0.1859375
88 0.8 0.14140625 0.1921875 0.2015625