199 0.28203125 0.1609375 0.196875 0.2046875
89 0.0953125 0.43828125 0.190625 0.2078125
200 0.3203125 0.409375 0.203125 0.2171875
199 0.58671875 0.634375 0.2015625 0.2078125
200 0.34765625 0.6703125 0.2046875 0.2046875
89 0.80703125 0.6078125 0.2015625 0.2171875
88 0.1359375 0.7015625 0.2015625 0.215625
244 0.3796875 0.90703125 0.21875 0.1828125
245 0.16015625 0.92734375 0.1953125 0.1421875
245 0.0765625 0.18359375 0.153125 0.2015625
244 0.50390625 0.12265625 0.2078125 0.2
88 0.7265625 0.1 0.209375 0.2