199 0.41796875 0.10703125 0.2109375 0.2140625
89 0.14375 0.296875 0.2046875 0.2171875
200 0.36484375 0.35078125 0.2171875 0.228125
199 0.5328125 0.65703125 0.215625 0.2203125
200 0.296875 0.6046875 0.2171875 0.2171875
89 0.7484375 0.71015625 0.215625 0.228125
88 0.0984375 0.5578125 0.196875 0.228125
244 0.23515625 0.85078125 0.2296875 0.2265625
245 0.06171875 0.80390625 0.1234375 0.2078125
245 0.19453125 0.07578125 0.2140625 0.1515625
244 0.6390625 0.1484375 0.21875 0.2140625
88 0.85703125 0.19921875 0.221875 0.228125