200 0.353125 0.29453125 0.2125 0.2140625
88 0.146875 0.24921875 0.1984375 0.2125
245 0.09296875 0.490625 0.1859375 0.196875
244 0.72890625 0.64140625 0.2109375 0.1984375
199 0.4984375 0.5890625 0.2140625 0.221875
88 0.2921875 0.5484375 0.2 0.2109375
89 0.0671875 0.7265625 0.134375 0.20625
200 0.24375 0.77578125 0.196875 0.20625
244 0.8140625 0.16015625 0.1890625 0.190625
245 0.39453125 0.08125 0.2015625 0.1625
89 0.20234375 0.06171875 0.1859375 0.1234375
199 0.60390625 0.11953125 0.1953125 0.2078125