200 0.28671875 0.43203125 0.246875 0.2515625
89 0.10234375 0.53984375 0.2046875 0.2421875
89 0.81875 0.4765625 0.2578125 0.2640625
88 0.20859375 0.77421875 0.240625 0.2453125
200 0.40859375 0.68125 0.228125 0.2390625
199 0.6109375 0.58359375 0.2484375 0.2578125
245 0.3078125 0.9390625 0.2375 0.11875
244 0.51015625 0.88984375 0.2546875 0.2171875
244 0.37734375 0.115625 0.2390625 0.23125
245 0.04375 0.3109375 0.0875 0.23125
199 0.17890625 0.21328125 0.228125 0.228125
88 0.58671875 0.0703125 0.2546875 0.140625