202 0.45859375 0.11640625 0.2109375 0.209375
91 0.70234375 0.21328125 0.203125 0.20625
201 0.18046875 0.2203125 0.2140625 0.2296875
247 0.38125 0.340625 0.2203125 0.2234375
201 0.1 0.45859375 0.2 0.2234375
246 0.52421875 0.61796875 0.2265625 0.2265625
90 0.31171875 0.5453125 0.221875 0.2375
91 0.72890625 0.728125 0.2359375 0.240625
202 0.05390625 0.7203125 0.1078125 0.221875
247 0.2265625 0.8078125 0.2375 0.2390625
246 0.9203125 0.23984375 0.15625 0.2296875
90 0.2625 0.05703125 0.209375 0.1140625