194 0.06484375 0.53046875 0.1296875 0.1859375
194 0.36328125 0.38984375 0.1765625 0.1859375
37 0.215625 0.45703125 0.16875 0.1890625
160 0.74296875 0.22265625 0.225 0.2234375
160 0.55625 0.3125 0.2140625 0.2203125
194 0.69921875 0.51328125 0.171875 0.19375
160 0.371875 0.66328125 0.2125 0.2125
37 0.5390625 0.58828125 0.1859375 0.203125
160 0.18125 0.7515625 0.2296875 0.23125
194 0.24765625 0.93671875 0.1734375 0.1234375
37 0.4046875 0.90390625 0.19375 0.1890625
37 0.0265625 0.31171875 0.053125 0.2015625