194 0.178125 0.1765625 0.16875 0.184375
194 0.49296875 0.32421875 0.178125 0.1875
37 0.34609375 0.2578125 0.1703125 0.1890625
160 0.86875 0.5015625 0.2265625 0.225
160 0.678125 0.41953125 0.215625 0.2203125
194 0.62109375 0.65859375 0.1734375 0.1953125
160 0.29296875 0.51015625 0.2140625 0.2140625
37 0.459375 0.5875 0.1875 0.2046875
160 0.10859375 0.425 0.2171875 0.234375
194 0.03203125 0.62109375 0.0640625 0.2015625
37 0.12421875 0.69921875 0.19375 0.209375
37 0.2890625 0.0359375 0.184375 0.071875