202 0.8828125 0.26953125 0.2078125 0.2140625
91 0.42890625 0.10078125 0.2046875 0.2015625
247 0.6515625 0.190625 0.19375 0.190625
90 0.16171875 0.1953125 0.1953125 0.209375
246 0.35390625 0.26953125 0.2109375 0.215625
246 0.275 0.4921875 0.2046875 0.2125
201 0.08515625 0.42109375 0.1703125 0.2140625
91 0.69296875 0.7015625 0.209375 0.209375
202 0.46953125 0.62265625 0.190625 0.1921875
90 0.04765625 0.6328125 0.0953125 0.2125
247 0.16640625 0.73984375 0.2140625 0.221875
201 0.24453125 0.04375 0.1984375 0.0875