202 0.846875 0.21875 0.1921875 0.1984375
91 0.37421875 0.11484375 0.190625 0.1859375
247 0.60703125 0.17265625 0.18125 0.1765625
90 0.12265625 0.2453125 0.178125 0.196875
246 0.3234375 0.2921875 0.1953125 0.2015625
246 0.2765625 0.5234375 0.1875 0.1984375
201 0.07734375 0.48125 0.1546875 0.203125
91 0.71953125 0.67265625 0.1953125 0.1953125
202 0.48671875 0.625 0.1765625 0.1796875
90 0.05546875 0.70234375 0.1109375 0.1984375
247 0.20234375 0.784375 0.1984375 0.2078125
201 0.17578125 0.0609375 0.1828125 0.121875