202 0.896875 0.31171875 0.203125 0.2234375
91 0.47109375 0.10078125 0.2140625 0.2015625
247 0.6828125 0.20859375 0.2015625 0.1984375
90 0.1953125 0.16171875 0.2046875 0.215625
246 0.37890625 0.25625 0.2203125 0.2234375
246 0.27734375 0.46875 0.2140625 0.2203125
201 0.09375 0.37578125 0.1875 0.2203125
91 0.67109375 0.7203125 0.21875 0.21875
202 0.45703125 0.61875 0.1984375 0.2
90 0.04453125 0.5796875 0.0890625 0.21875
247 0.14296875 0.70390625 0.225 0.2296875
201 0.3015625 0.03359375 0.209375 0.0671875