202 0.72109375 0.09765625 0.1921875 0.1953125
247 0.25859375 0.20546875 0.196875 0.1921875
246 0.0859375 0.4296875 0.171875 0.20625
91 0.3125 0.421875 0.1953125 0.2015625
246 0.61953125 0.56171875 0.215625 0.2296875
90 0.84765625 0.51171875 0.2046875 0.2203125
91 0.39609375 0.659375 0.2140625 0.196875
202 0.14609375 0.7234375 0.190625 0.1890625
201 0.1921875 0.9015625 0.196875 0.19375
247 0.4171875 0.89453125 0.1953125 0.1921875
90 0.5 0.09765625 0.196875 0.1953125
201 0.06640625 0.203125 0.1328125 0.21875