202 0.7625 0.115625 0.175 0.1953125
247 0.290625 0.18203125 0.1828125 0.178125
246 0.08671875 0.38515625 0.1734375 0.1921875
91 0.321875 0.403125 0.18125 0.1875
246 0.6125 0.5734375 0.1984375 0.2140625
90 0.84453125 0.5484375 0.1890625 0.20625
91 0.3796875 0.64765625 0.2015625 0.1796875
202 0.12421875 0.68515625 0.178125 0.1765625
201 0.15 0.8765625 0.1796875 0.1984375
247 0.3765625 0.88359375 0.18125 0.178125
90 0.5421875 0.09609375 0.18125 0.1921875
201 0.07890625 0.15546875 0.1578125 0.2046875