202 0.72734375 0.09921875 0.1890625 0.1984375
247 0.2640625 0.20078125 0.19375 0.190625
246 0.0859375 0.421875 0.171875 0.203125
91 0.3140625 0.41875 0.19375 0.2
246 0.61796875 0.56328125 0.2125 0.2265625
90 0.84765625 0.51796875 0.203125 0.2171875
91 0.39296875 0.6578125 0.2125 0.19375
202 0.1421875 0.7171875 0.1890625 0.1875
201 0.18515625 0.89921875 0.1953125 0.1984375
247 0.41015625 0.89296875 0.19375 0.190625
90 0.50703125 0.09765625 0.1953125 0.1953125
201 0.06796875 0.1953125 0.1359375 0.215625