247 0.896875 0.34296875 0.203125 0.2328125
202 0.20703125 0.22265625 0.2171875 0.2171875
91 0.4234375 0.353125 0.2375 0.2359375
201 0.54453125 0.64609375 0.225 0.23125
90 0.7484375 0.76171875 0.2359375 0.2515625
91 0.29921875 0.5625 0.228125 0.2296875
247 0.0953125 0.44765625 0.190625 0.2359375
246 0.21015625 0.7328125 0.2375 0.24375
202 0.03828125 0.65 0.0765625 0.21875
246 0.3421875 0.04453125 0.228125 0.0890625
201 0.54296875 0.10234375 0.2296875 0.2046875
90 0.74375 0.2015625 0.228125 0.2375