247 0.67265625 0.1015625 0.2109375 0.203125
202 0.0984375 0.51875 0.196875 0.2
91 0.34140625 0.453125 0.21875 0.215625
201 0.6359375 0.56953125 0.203125 0.2140625
90 0.8609375 0.503125 0.2109375 0.2359375
91 0.40546875 0.68828125 0.2078125 0.2125
247 0.16640625 0.76875 0.2078125 0.2171875
246 0.46640625 0.8703125 0.2171875 0.225
202 0.23671875 0.94296875 0.2015625 0.1109375
246 0.05625 0.24609375 0.1125 0.2203125
201 0.23203125 0.18203125 0.20625 0.215625
90 0.4546875 0.1171875 0.2046875 0.221875