247 0.2984375 0.059375 0.203125 0.11875
91 0.71328125 0.2421875 0.2109375 0.2140625
246 0.42109375 0.28984375 0.2453125 0.2390625
202 0.19296875 0.22109375 0.1984375 0.2
201 0.5046875 0.609375 0.2234375 0.234375
90 0.109375 0.40234375 0.21875 0.2328125
247 0.68515625 0.75546875 0.2265625 0.2296875
91 0.26640625 0.5375 0.2296875 0.21875
201 0.2109375 0.7234375 0.2234375 0.234375
202 0.0375 0.63671875 0.075 0.2078125
201 0.5421875 0.1046875 0.228125 0.209375
90 0.91875 0.31953125 0.159375 0.2421875