91 0.06328125 0.28046875 0.1265625 0.1953125
202 0.26640625 0.21015625 0.2109375 0.203125
246 0.090625 0.46015625 0.18125 0.2265625
247 0.3078125 0.44296875 0.2125 0.2140625
246 0.63359375 0.55859375 0.2171875 0.2359375
90 0.86875 0.49453125 0.2296875 0.2296875
247 0.4 0.68125 0.215625 0.21875
91 0.1703125 0.7546875 0.2046875 0.2078125
201 0.2328125 0.91484375 0.2125 0.1671875
202 0.47109375 0.9046875 0.2015625 0.1875
90 0.51328125 0.09921875 0.2203125 0.1984375
201 0.73046875 0.06484375 0.2109375 0.1296875