91 0.23515625 0.07265625 0.2078125 0.1453125
202 0.47421875 0.12890625 0.2125 0.2046875
246 0.175 0.2234375 0.2109375 0.2265625
247 0.375 0.34296875 0.2140625 0.2171875
246 0.57578125 0.625 0.2203125 0.2375
90 0.80546875 0.70703125 0.2328125 0.2328125
247 0.3140625 0.59140625 0.2171875 0.2203125
91 0.09375 0.51953125 0.1875 0.2109375
201 0.06640625 0.7125 0.1328125 0.234375
202 0.2390625 0.82265625 0.2015625 0.2078125
90 0.75078125 0.16484375 0.2203125 0.23125
201 0.92890625 0.23671875 0.1390625 0.2265625