91 0.153125 0.1046875 0.184375 0.1703125
202 0.40390625 0.140625 0.1890625 0.1796875
246 0.128125 0.290625 0.1828125 0.2046875
247 0.34765625 0.36953125 0.1890625 0.1921875
246 0.5984375 0.6078125 0.190625 0.2140625
90 0.83984375 0.64453125 0.20625 0.20625
247 0.33515625 0.625 0.190625 0.196875
91 0.0953125 0.5984375 0.18125 0.1859375
201 0.08359375 0.79921875 0.1671875 0.2109375
202 0.30546875 0.86640625 0.1765625 0.1859375
90 0.68203125 0.1234375 0.1921875 0.2078125
201 0.90703125 0.15234375 0.184375 0.203125