91 0.05234375 0.3828125 0.1046875 0.221875
246 0.30625 0.42265625 0.25625 0.2515625
247 0.11171875 0.5984375 0.2234375 0.23125
246 0.2140625 0.775 0.2515625 0.2578125
90 0.421875 0.6625 0.2328125 0.2421875
247 0.63203125 0.5859375 0.25 0.253125
91 0.86171875 0.4546875 0.24375 0.25625
201 0.34453125 0.92734375 0.2453125 0.1421875
202 0.57109375 0.8953125 0.2296875 0.20625
201 0.19296875 0.21328125 0.2265625 0.2328125
90 0.40234375 0.1109375 0.2390625 0.221875
202 0.6171875 0.06328125 0.225 0.1265625