91 0.2484375 0.0734375 0.20625 0.146875
246 0.428125 0.30390625 0.2375 0.23125
247 0.1640625 0.27421875 0.209375 0.2125
246 0.11015625 0.47265625 0.2203125 0.2421875
90 0.32734375 0.55078125 0.209375 0.228125
247 0.52421875 0.65546875 0.228125 0.2359375
91 0.77578125 0.73828125 0.2203125 0.240625
201 0.07421875 0.7078125 0.1484375 0.2375
202 0.24375 0.82578125 0.209375 0.2171875
201 0.50859375 0.0953125 0.2078125 0.190625
90 0.73359375 0.15859375 0.215625 0.2296875
202 0.91796875 0.2609375 0.1609375 0.2125