248 0.15703125 0.26953125 0.24375 0.215625
92 0.3921875 0.315625 0.2265625 0.2140625
203 0.57890625 0.5859375 0.2390625 0.2140625
248 0.11640625 0.50703125 0.2328125 0.2109375
203 0.82890625 0.634375 0.2453125 0.2125
92 0.34453125 0.55078125 0.2359375 0.228125
248 0.3078125 0.7640625 0.2515625 0.2203125
92 0.09921875 0.73671875 0.1984375 0.2296875
248 0.89375 0.17265625 0.209375 0.2109375
203 0.43515625 0.1015625 0.2390625 0.203125
203 0.19921875 0.08203125 0.2390625 0.1640625
92 0.67265625 0.14140625 0.2359375 0.2265625