203 0.08671875 0.23515625 0.1734375 0.2421875
92 0.3359375 0.39140625 0.26875 0.2453125
248 0.10703125 0.45390625 0.2140625 0.2203125
248 0.38515625 0.63125 0.2640625 0.2359375
203 0.8703125 0.515625 0.25625 0.259375
92 0.1515625 0.7015625 0.253125 0.2375
92 0.628125 0.58515625 0.265625 0.2546875
248 0.4546875 0.8609375 0.2609375 0.2265625
203 0.2203125 0.90234375 0.26875 0.1921875
248 0.271875 0.16484375 0.26875 0.2234375
203 0.52109375 0.1109375 0.2640625 0.21875
92 0.77109375 0.08046875 0.2546875 0.1609375