203 0.228125 0.084375 0.265625 0.16875
92 0.409375 0.325 0.2703125 0.2484375
248 0.1625 0.259375 0.2515625 0.221875
248 0.3359375 0.559375 0.2671875 0.2375
203 0.82109375 0.69609375 0.2703125 0.2609375
92 0.11328125 0.50703125 0.2265625 0.2421875
92 0.57109375 0.6359375 0.26875 0.2578125
248 0.28515625 0.79375 0.2625 0.2296875
203 0.09140625 0.73828125 0.1828125 0.2484375
248 0.4625 0.10546875 0.271875 0.2109375
203 0.70703125 0.16953125 0.265625 0.221875
92 0.91328125 0.2359375 0.1703125 0.228125