29 0.5890625 0.06796875 0.165625 0.1359375
186 0.06328125 0.51640625 0.1265625 0.1484375
186 0.1828125 0.465625 0.153125 0.14375
119 0.6265625 0.2859375 0.1875 0.16875
119 0.7984375 0.221875 0.190625 0.1765625
29 0.33125 0.41875 0.1609375 0.159375
29 0.48203125 0.359375 0.165625 0.1609375
160 0.16484375 0.7109375 0.2 0.2140625
160 0.87890625 0.665625 0.21875 0.215625
37 0.23359375 0.9140625 0.1796875 0.16875
194 0.7015625 0.7421875 0.1796875 0.19375
194 0.3921875 0.8734375 0.1703125 0.19375
37 0.55625 0.809375 0.1875 0.209375
186 0.71171875 0.03125 0.1453125 0.0625
186 0.44296875 0.1 0.153125 0.1453125
119 0.1625 0.215625 0.190625 0.1828125
29 0.31015625 0.15859375 0.15625 0.1546875
119 0.04609375 0.28828125 0.0921875 0.1796875