29 0.8796875 0.25625 0.1671875 0.159375
186 0.18046875 0.1921875 0.1421875 0.1484375
186 0.3046875 0.24765625 0.1546875 0.1453125
119 0.7421875 0.44296875 0.1890625 0.171875
119 0.9046875 0.521875 0.1875 0.18125
29 0.44140625 0.32265625 0.1640625 0.1609375
29 0.5890625 0.3890625 0.16875 0.1640625
160 0.115625 0.40546875 0.203125 0.2171875
160 0.64375 0.8875 0.221875 0.21875
37 0.0484375 0.6078125 0.096875 0.20625
194 0.465625 0.81328125 0.1828125 0.196875
194 0.15703125 0.68125 0.1734375 0.1953125
37 0.3171875 0.75546875 0.190625 0.2109375
186 0.9703125 0.296875 0.05625 0.15
186 0.74765625 0.18125 0.1546875 0.1484375
119 0.4703125 0.07734375 0.19375 0.1546875
29 0.61328125 0.1265625 0.159375 0.15625
119 0.3046875 0.04140625 0.1875 0.0828125