29 0.81484375 0.1765625 0.15 0.1390625
186 0.11953125 0.271875 0.1234375 0.134375
186 0.25234375 0.2984375 0.140625 0.1265625
119 0.72265625 0.38984375 0.175 0.1453125
119 0.90234375 0.4296875 0.1765625 0.1546875
29 0.403125 0.340625 0.146875 0.1421875
29 0.56171875 0.371875 0.1515625 0.14375
160 0.10390625 0.49453125 0.1765625 0.196875
160 0.72734375 0.8453125 0.1984375 0.19375
37 0.059375 0.7171875 0.11875 0.190625
194 0.53671875 0.8125 0.1578125 0.178125
194 0.20625 0.75390625 0.146875 0.1796875
37 0.37890625 0.78984375 0.1625 0.1953125
186 0.94453125 0.1859375 0.1078125 0.134375
186 0.6703125 0.13359375 0.1390625 0.1296875
119 0.371875 0.08046875 0.175 0.1609375
29 0.5265625 0.11015625 0.140625 0.1390625
119 0.1953125 0.06484375 0.16875 0.1296875