248 0.11328125 0.45859375 0.2265625 0.2421875
248 0.3265625 0.3921875 0.2734375 0.2390625
92 0.16328125 0.69921875 0.259375 0.240625
203 0.634375 0.565625 0.275 0.25
203 0.87109375 0.49765625 0.2546875 0.2515625
248 0.39609375 0.63828125 0.265625 0.23125
92 0.234375 0.89453125 0.271875 0.2078125
248 0.4625 0.86328125 0.26875 0.2578125
203 0.27265625 0.1640625 0.271875 0.2453125
92 0.51484375 0.109375 0.2578125 0.21875
203 0.746875 0.07421875 0.2625 0.1484375
92 0.08046875 0.23671875 0.1609375 0.2484375