92 0.42734375 0.31328125 0.2578125 0.228125
203 0.18125 0.2578125 0.2625 0.2296875
248 0.85 0.6671875 0.2625 0.2296875
92 0.1265625 0.50078125 0.253125 0.2296875
248 0.60625 0.61484375 0.26875 0.2359375
203 0.36796875 0.5625 0.253125 0.228125
92 0.09921875 0.73203125 0.1984375 0.2484375
203 0.3140625 0.79140625 0.2625 0.234375
248 0.22265625 0.0703125 0.2609375 0.140625
203 0.71328125 0.14140625 0.2640625 0.2328125
248 0.46875 0.0984375 0.259375 0.196875
92 0.91484375 0.20703125 0.1671875 0.2484375