60 0.0890625 0.3109375 0.14375 0.175
134 0.33203125 0.5890625 0.1890625 0.1796875
134 0.1015625 0.578125 0.203125 0.184375
112 0.23828125 0.81953125 0.15 0.1875
112 0.42578125 0.83984375 0.1578125 0.1796875
60 0.06484375 0.81640625 0.1296875 0.1765625
60 0.60859375 0.85546875 0.1515625 0.1765625
60 0.7125 0.1078125 0.140625 0.178125
134 0.90859375 0.12578125 0.1796875 0.1859375
134 0.5171875 0.09921875 0.1953125 0.1796875
112 0.2984375 0.0859375 0.140625 0.171875
112 0.11015625 0.0796875 0.1359375 0.159375