60 0.16171875 0.1984375 0.1828125 0.2015625
134 0.31328125 0.5359375 0.225 0.2203125
134 0.1078125 0.4578125 0.215625 0.228125
112 0.15625 0.72890625 0.1921875 0.215625
112 0.3296875 0.80390625 0.1984375 0.2109375
60 0.03828125 0.67265625 0.0765625 0.2046875
60 0.5 0.87109375 0.190625 0.20625
60 0.81796875 0.18671875 0.18125 0.2046875
134 0.94453125 0.26328125 0.1078125 0.2265625
134 0.63359375 0.121875 0.23125 0.221875
112 0.4296875 0.07265625 0.18125 0.1453125
112 0.253125 0.03828125 0.175 0.0765625