126 0.28515625 0.33359375 0.1734375 0.1296875
52 0.59453125 0.31875 0.1328125 0.1234375
52 0.89375 0.3078125 0.125 0.1125
104 0.75 0.31640625 0.1375 0.128125
104 0.45390625 0.33203125 0.1328125 0.134375
126 0.1 0.35234375 0.1796875 0.1390625
126 0.40390625 0.57578125 0.18125 0.14375
126 0.59921875 0.56484375 0.1765625 0.14375
52 0.7546875 0.5578125 0.128125 0.109375
104 0.22421875 0.590625 0.140625 0.128125
104 0.8953125 0.55625 0.140625 0.1328125
52 0.075 0.60078125 0.1296875 0.134375
126 0.396875 0.08125 0.16875 0.1375
104 0.28984375 0.828125 0.1296875 0.14375
52 0.62265625 0.81015625 0.1203125 0.1140625
52 0.76484375 0.80390625 0.1203125 0.1265625
126 0.46640625 0.82109375 0.171875 0.1265625
126 0.12109375 0.83984375 0.175 0.153125
104 0.909375 0.80078125 0.134375 0.1171875
104 0.21796875 0.1 0.1578125 0.1265625
52 0.559375 0.08203125 0.1296875 0.121875
126 0.72734375 0.075 0.1734375 0.146875
52 0.88671875 0.06640625 0.1296875 0.1234375
104 0.06328125 0.11171875 0.1265625 0.1453125