126 0.26484375 0.36484375 0.1875 0.1515625
52 0.56875 0.3078125 0.146875 0.1390625
52 0.86328125 0.25546875 0.1375 0.1265625
104 0.721875 0.28359375 0.153125 0.1453125
104 0.43046875 0.33984375 0.1484375 0.15
126 0.090625 0.409375 0.18125 0.1625
126 0.415625 0.58828125 0.196875 0.165625
126 0.60703125 0.55078125 0.1921875 0.1640625
52 0.76015625 0.521875 0.140625 0.125
104 0.2390625 0.628125 0.15625 0.1453125
104 0.89921875 0.5 0.15625 0.1484375
52 0.09296875 0.65859375 0.1453125 0.15
126 0.3390625 0.1 0.1828125 0.1578125
104 0.3375 0.85390625 0.146875 0.1578125
52 0.66484375 0.790625 0.1328125 0.128125
52 0.8046875 0.7640625 0.1359375 0.140625
126 0.51171875 0.82265625 0.1859375 0.1484375
126 0.171875 0.8890625 0.1921875 0.1734375
104 0.9359375 0.740625 0.125 0.134375
104 0.16484375 0.14296875 0.171875 0.1453125
52 0.50078125 0.078125 0.14375 0.1359375
126 0.66640625 0.06640625 0.1921875 0.1328125
52 0.82265625 0.04375 0.1453125 0.0875
104 0.0421875 0.1765625 0.084375 0.159375