126 0.35546875 0.2703125 0.1953125 0.165625
52 0.65078125 0.3625 0.1546875 0.1484375
52 0.93046875 0.4546875 0.1359375 0.1375
104 0.79765625 0.41328125 0.1625 0.1546875
104 0.5140625 0.32578125 0.1578125 0.159375
126 0.175 0.22421875 0.203125 0.175
126 0.38359375 0.53828125 0.20625 0.1796875
126 0.5703125 0.5953125 0.2015625 0.178125
52 0.71953125 0.64140625 0.1484375 0.134375
104 0.209375 0.490625 0.165625 0.15625
104 0.85234375 0.6875 0.165625 0.159375
52 0.07265625 0.44921875 0.1453125 0.1609375
126 0.546875 0.07890625 0.19375 0.1578125
104 0.18984375 0.7359375 0.1578125 0.1671875
52 0.509375 0.83359375 0.140625 0.1359375
52 0.64453125 0.87578125 0.1453125 0.15
126 0.359375 0.78984375 0.19375 0.1625
126 0.065625 0.68984375 0.13125 0.1890625
104 0.78203125 0.92265625 0.1546875 0.1421875
104 0.371875 0.05390625 0.18125 0.1078125
52 0.6984375 0.128125 0.1515625 0.1453125
126 0.85859375 0.178125 0.2 0.18125
52 0.9671875 0.225 0.0625 0.15
104 0.21875 0.034375 0.1625 0.06875