60 0.15 0.20859375 0.1640625 0.1890625
60 0.3046875 0.26640625 0.171875 0.1875
112 0.08671875 0.45 0.1734375 0.215625
60 0.04453125 0.66328125 0.0890625 0.2015625
60 0.3578125 0.78046875 0.165625 0.1921875
134 0.18984375 0.7328125 0.209375 0.2171875
112 0.728125 0.90078125 0.18125 0.1953125
134 0.54453125 0.84921875 0.2140625 0.2046875
134 0.625 0.1203125 0.2203125 0.2140625
112 0.42890625 0.078125 0.1640625 0.15625
134 0.25234375 0.053125 0.2140625 0.10625
112 0.79921875 0.18828125 0.1890625 0.2