37 0.3140625 0.115625 0.1515625 0.190625
119 0.671875 0.165625 0.1921875 0.159375
160 0.1578125 0.325 0.1859375 0.1875
37 0.3546875 0.34765625 0.1546875 0.178125
29 0.753125 0.6671875 0.1453125 0.1390625
186 0.08515625 0.5984375 0.1359375 0.1328125
186 0.41640625 0.63671875 0.1421875 0.1328125
119 0.25390625 0.621875 0.1828125 0.15625
119 0.58359375 0.65625 0.1890625 0.146875
29 0.90859375 0.69140625 0.1421875 0.146875
194 0.48203125 0.11796875 0.1421875 0.16875
194 0.13203125 0.08671875 0.1515625 0.1734375