227 0.690625 0.16953125 0.196875 0.2046875
157 0.509375 0.09765625 0.221875 0.1953125
227 0.3078125 0.0453125 0.1875 0.090625
49 0.39375 0.26875 0.2 0.2171875
49 0.2171875 0.1828125 0.1734375 0.1890625
41 0.50078125 0.6140625 0.1484375 0.1546875
138 0.11484375 0.41875 0.215625 0.1953125
41 0.375 0.5546875 0.14375 0.14375
138 0.7765625 0.759375 0.1875 0.171875
219 0.62890625 0.68828125 0.1515625 0.15
219 0.25078125 0.5 0.146875 0.1515625
41 0.0359375 0.61875 0.071875 0.159375
41 0.55390625 0.9109375 0.1484375 0.1578125
138 0.13984375 0.70234375 0.196875 0.184375
138 0.29375 0.7828125 0.196875 0.1859375
219 0.43125 0.85234375 0.1453125 0.1515625
219 0.68671875 0.95703125 0.1390625 0.0828125
157 0.90078125 0.275 0.1953125 0.20625