227 0.58515625 0.128125 0.165625 0.18125
157 0.3875 0.09921875 0.190625 0.190625
227 0.16640625 0.08046875 0.1515625 0.1609375
49 0.33046875 0.31015625 0.1640625 0.1953125
49 0.13671875 0.2796875 0.140625 0.1703125
41 0.53359375 0.609375 0.125 0.1359375
138 0.1078125 0.534375 0.1953125 0.1578125
41 0.39609375 0.5890625 0.1234375 0.1234375
138 0.83984375 0.6671875 0.16875 0.140625
219 0.678125 0.6421875 0.1328125 0.1265625
219 0.26171875 0.57265625 0.1234375 0.1328125
41 0.05859375 0.76171875 0.1171875 0.1390625
41 0.671875 0.8765625 0.1234375 0.1390625
138 0.21484375 0.7984375 0.1765625 0.1515625
138 0.38515625 0.83046875 0.175 0.1546875
219 0.5375 0.85703125 0.121875 0.134375
219 0.81953125 0.90859375 0.11875 0.1171875
157 0.821875 0.16640625 0.175 0.1765625