227 0.43359375 0.12421875 0.1734375 0.1859375
157 0.23984375 0.175 0.196875 0.196875
227 0.0515625 0.23125 0.103125 0.19375
49 0.26953125 0.39140625 0.171875 0.2015625
49 0.0796875 0.4390625 0.1484375 0.175
41 0.57421875 0.5875 0.1296875 0.140625
138 0.15234375 0.68515625 0.2 0.165625
41 0.4390625 0.62265625 0.128125 0.128125
138 0.878125 0.52109375 0.1734375 0.146875
219 0.71953125 0.56171875 0.1375 0.13125
219 0.309375 0.66015625 0.128125 0.1375
41 0.18828125 0.91640625 0.1375 0.140625
41 0.80546875 0.7796875 0.1296875 0.14375
138 0.35390625 0.88671875 0.18125 0.1578125
138 0.5234375 0.84921875 0.1796875 0.1625
219 0.67421875 0.8140625 0.1265625 0.1390625
219 0.9453125 0.75078125 0.10625 0.1234375
157 0.66640625 0.0796875 0.1828125 0.159375