52 0.6484375 0.2703125 0.1578125 0.153125
104 0.36484375 0.375 0.1625 0.1640625
52 0.0625 0.490625 0.125 0.15
126 0.8203125 0.2109375 0.203125 0.184375
126 0.2078125 0.43515625 0.209375 0.1828125
104 0.51640625 0.32265625 0.1609375 0.1546875
134 0.30546875 0.6328125 0.225 0.215625
134 0.68359375 0.49609375 0.2171875 0.2234375
112 0.49375 0.56796875 0.1703125 0.190625
60 0.121875 0.70390625 0.1671875 0.2
60 0.8484375 0.43984375 0.1703125 0.1953125
112 0.20625 0.90625 0.178125 0.184375
52 0.2859375 0.13984375 0.140625 0.1375
104 0.6046875 0.05234375 0.1625 0.1046875
52 0.75 0.025 0.15 0.05
104 0.02890625 0.26171875 0.0578125 0.1703125
126 0.1453125 0.1984375 0.1984375 0.16875
126 0.45390625 0.08828125 0.2015625 0.175