52 0.7671875 0.44296875 0.1625 0.159375
104 0.49296875 0.315625 0.16875 0.1703125
52 0.1859375 0.17265625 0.159375 0.1546875
126 0.9125 0.52265625 0.171875 0.1953125
126 0.3390625 0.24765625 0.2140625 0.1921875
104 0.63671875 0.3859375 0.1671875 0.1609375
134 0.26875 0.45703125 0.2328125 0.225
134 0.63203125 0.62734375 0.225 0.23125
112 0.44765625 0.54375 0.1796875 0.1953125
60 0.08828125 0.37734375 0.1765625 0.2046875
60 0.78828125 0.70390625 0.1796875 0.1984375
112 0.046875 0.58671875 0.09375 0.2109375
52 0.603125 0.09375 0.1453125 0.14375
104 0.90859375 0.23984375 0.165625 0.1578125
104 0.296875 0.0234375 0.178125 0.046875
126 0.4625 0.06328125 0.203125 0.1265625
126 0.75859375 0.1765625 0.2046875 0.184375