52 0.77109375 0.46640625 0.1671875 0.1640625
104 0.50859375 0.315625 0.1734375 0.175
52 0.215625 0.14609375 0.1640625 0.159375
126 0.909375 0.5609375 0.178125 0.203125
126 0.36171875 0.234375 0.2171875 0.2015625
104 0.64609375 0.3984375 0.1703125 0.1671875
134 0.2734375 0.43671875 0.2375 0.23125
134 0.6203125 0.63828125 0.2328125 0.2375
112 0.44375 0.5390625 0.1859375 0.1984375
60 0.10078125 0.34140625 0.1859375 0.20625
60 0.76953125 0.728125 0.1875 0.2015625
112 0.04609375 0.54296875 0.0921875 0.2140625
52 0.63828125 0.1046875 0.1484375 0.146875
104 0.92109375 0.2765625 0.1546875 0.165625
126 0.503125 0.0640625 0.20625 0.128125
126 0.7859375 0.2 0.2078125 0.1921875