136 0.17578125 0.1 0.2265625 0.2
133 0.14140625 0.28984375 0.2109375 0.2
114 0.33671875 0.36328125 0.1625 0.1859375
62 0.528125 0.3953125 0.1609375 0.1984375
59 0.0796875 0.54609375 0.159375 0.1953125
126 0.2734375 0.59765625 0.2171875 0.178125
111 0.07890625 0.7921875 0.1578125 0.2
133 0.275 0.83828125 0.2234375 0.2015625
114 0.65234375 0.91640625 0.1765625 0.1640625
62 0.46171875 0.89921875 0.1796875 0.1984375
59 0.37734375 0.07734375 0.1453125 0.1546875
111 0.55625 0.1046875 0.1890625 0.18125