62 0.27734375 0.13671875 0.140625 0.1578125
111 0.50234375 0.33515625 0.1453125 0.1640625
114 0.1078125 0.359375 0.1421875 0.1765625
136 0.31640625 0.36953125 0.184375 0.178125
133 0.12265625 0.56640625 0.203125 0.1734375
59 0.696875 0.5890625 0.1265625 0.165625
136 0.33984375 0.615625 0.1921875 0.1796875
62 0.521875 0.6390625 0.1421875 0.16875
111 0.27734375 0.815625 0.1390625 0.1625
114 0.0890625 0.85 0.1484375 0.16875
59 0.11015625 0.08515625 0.1265625 0.153125
133 0.4796875 0.1015625 0.1890625 0.1734375