62 0.1484375 0.25859375 0.1828125 0.1921875
111 0.43515625 0.3484375 0.1890625 0.2
114 0.090625 0.53125 0.18125 0.2125
136 0.27890625 0.45546875 0.2296875 0.2265625
133 0.18203125 0.7140625 0.2453125 0.228125
59 0.71640625 0.50078125 0.1734375 0.1953125
136 0.40078125 0.67109375 0.2375 0.2296875
62 0.5765625 0.61796875 0.1875 0.203125
111 0.425 0.87890625 0.184375 0.196875
114 0.26796875 0.94140625 0.1953125 0.1140625
59 0.03046875 0.28046875 0.0609375 0.1859375
133 0.31953125 0.14453125 0.2328125 0.2234375