136 0.23984375 0.1921875 0.2140625 0.2046875
59 0.2453125 0.403125 0.1703125 0.1875
133 0.4515625 0.359375 0.2234375 0.209375
114 0.08046875 0.4796875 0.1609375 0.203125
62 0.65234375 0.36015625 0.184375 0.19375
111 0.11875 0.69609375 0.1703125 0.203125
62 0.31015625 0.7046875 0.175 0.2078125
133 0.19609375 0.9109375 0.2203125 0.175
59 0.37890625 0.90078125 0.18125 0.190625
114 0.7984375 0.84609375 0.1796875 0.2046875
136 0.60390625 0.890625 0.2109375 0.2
111 0.04921875 0.19453125 0.0984375 0.1921875