136 0.4078125 0.10703125 0.2203125 0.2109375
59 0.3171875 0.2984375 0.1765625 0.1921875
133 0.52109375 0.35234375 0.2296875 0.2171875
114 0.1328125 0.28984375 0.1734375 0.20625
62 0.69921875 0.44453125 0.190625 0.1984375
111 0.08046875 0.5015625 0.1609375 0.209375
62 0.23828125 0.59609375 0.1828125 0.2125
133 0.0734375 0.74375 0.146875 0.21875
59 0.21015625 0.80234375 0.1875 0.1953125
114 0.61015625 0.91875 0.1890625 0.159375
136 0.41484375 0.8953125 0.2171875 0.2078125
111 0.2046875 0.05234375 0.178125 0.1046875