133 0.3546875 0.29453125 0.2125 0.2
114 0.14609375 0.29140625 0.1734375 0.1890625
62 0.5203125 0.375 0.159375 0.1921875
111 0.08671875 0.4859375 0.1546875 0.18125
133 0.27734375 0.5375 0.2109375 0.2
136 0.659375 0.653125 0.2046875 0.21875
114 0.46171875 0.61328125 0.1578125 0.1953125
59 0.05390625 0.71484375 0.1078125 0.1859375
62 0.17421875 0.79140625 0.1625 0.19375
111 0.18046875 0.05390625 0.1578125 0.1078125
59 0.34765625 0.0734375 0.1765625 0.146875
126 0.53984375 0.11875 0.2078125 0.178125