114 0.15390625 0.23984375 0.1875 0.20625
62 0.52421875 0.11328125 0.16875 0.19375
111 0.2625 0.4078125 0.184375 0.196875
173 0.10703125 0.50703125 0.2140625 0.2359375
59 0.12734375 0.71015625 0.1734375 0.1890625
126 0.3296875 0.671875 0.209375 0.1828125
111 0.5671875 0.815625 0.1875 0.209375
133 0.76875 0.74765625 0.228125 0.215625
114 0.40703125 0.9015625 0.1859375 0.19375
62 0.2484375 0.93203125 0.175 0.1328125
59 0.0296875 0.2546875 0.059375 0.184375
133 0.33359375 0.1328125 0.234375 0.2203125