114 0.42421875 0.090625 0.1984375 0.18125
62 0.78203125 0.23359375 0.178125 0.1984375
111 0.3890625 0.2703125 0.1921875 0.203125
173 0.1984375 0.228125 0.246875 0.24375
59 0.08828125 0.39921875 0.1765625 0.1953125
126 0.2578125 0.509375 0.2140625 0.1921875
111 0.334375 0.7765625 0.196875 0.215625
133 0.52734375 0.86484375 0.2359375 0.225
114 0.153125 0.7359375 0.19375 0.2140625
62 0.04453125 0.67109375 0.0890625 0.2109375
59 0.284375 0.028125 0.175 0.05625
133 0.62890625 0.11796875 0.2421875 0.2296875