114 0.4328125 0.08984375 0.2 0.1796875
62 0.78671875 0.2390625 0.1796875 0.2
111 0.39375 0.26875 0.19375 0.2046875
173 0.203125 0.22265625 0.2484375 0.2453125
59 0.08984375 0.3921875 0.1796875 0.196875
126 0.2578125 0.50546875 0.215625 0.1953125
111 0.32890625 0.7734375 0.1984375 0.215625
133 0.52109375 0.86484375 0.2375 0.2265625
114 0.1484375 0.73046875 0.1953125 0.2140625
62 0.04375 0.66171875 0.0875 0.2109375
59 0.29296875 0.0265625 0.1765625 0.053125
133 0.6359375 0.1203125 0.24375 0.2328125