114 0.0640625 0.21484375 0.128125 0.1859375
136 0.23984375 0.1734375 0.2109375 0.1921875
133 0.26640625 0.3671875 0.228125 0.2109375
62 0.0765625 0.4484375 0.153125 0.1875
133 0.5015625 0.56640625 0.20625 0.203125
111 0.89921875 0.48359375 0.165625 0.1796875
59 0.3015625 0.6203125 0.15625 0.1859375
136 0.71640625 0.56328125 0.215625 0.2015625
114 0.140625 0.69453125 0.1765625 0.1859375
62 0.18125 0.9171875 0.1625 0.1625
59 0.415625 0.096875 0.146875 0.1796875
111 0.5859375 0.08203125 0.178125 0.1640625