114 0.18203125 0.07734375 0.1671875 0.1546875
136 0.38125 0.1 0.20625 0.1859375
133 0.3328125 0.28984375 0.2234375 0.2046875
62 0.12265625 0.2921875 0.1546875 0.1828125
133 0.4765625 0.56171875 0.2015625 0.1984375
111 0.87578125 0.634375 0.1609375 0.175
59 0.27109375 0.5375 0.1515625 0.1828125
136 0.6765625 0.63984375 0.2109375 0.196875
114 0.09375 0.54609375 0.171875 0.1828125
62 0.06171875 0.77734375 0.1234375 0.1796875
59 0.57265625 0.09453125 0.1421875 0.1765625
111 0.74375 0.12734375 0.171875 0.1953125