59 0.7484375 0.42734375 0.1953125 0.2046875
111 0.39921875 0.23125 0.1953125 0.2046875
114 0.21953125 0.171875 0.196875 0.2109375
136 0.565625 0.3734375 0.2515625 0.2546875
62 0.0921875 0.39609375 0.184375 0.2109375
133 0.528125 0.07265625 0.2375 0.1453125
59 0.13984375 0.65 0.203125 0.20625
133 0.32734375 0.75859375 0.2359375 0.2328125
111 0.04375 0.5671875 0.0875 0.209375
114 0.6671875 0.94921875 0.19375 0.0984375
136 0.4890625 0.89140625 0.259375 0.2140625
62 0.328125 0.03515625 0.20625 0.0703125