59 0.6125 0.26640625 0.1765625 0.19375
111 0.2328125 0.3953125 0.175 0.1921875
114 0.07890625 0.48984375 0.1578125 0.2015625
136 0.45 0.36640625 0.2296875 0.2359375
62 0.14375 0.7390625 0.1796875 0.1984375
133 0.1703125 0.165625 0.2203125 0.20625
59 0.37109375 0.86796875 0.1859375 0.190625
133 0.5765625 0.8015625 0.21875 0.2125
111 0.2078125 0.91171875 0.175 0.1734375
114 0.94921875 0.71484375 0.0984375 0.1984375
136 0.796875 0.7828125 0.240625 0.2296875
62 0.03828125 0.26796875 0.0765625 0.2078125