127 0.37734375 0.1046875 0.2140625 0.184375
105 0.18203125 0.08515625 0.1921875 0.1703125
135 0.33359375 0.296875 0.209375 0.2234375
113 0.12734375 0.2640625 0.1703125 0.2046875
53 0.5265625 0.3828125 0.1875 0.171875
61 0.640625 0.6046875 0.1578125 0.203125
135 0.46171875 0.578125 0.203125 0.2078125
105 0.09453125 0.55078125 0.1875 0.18125
53 0.26484375 0.584375 0.18125 0.18125
113 0.0640625 0.746875 0.128125 0.196875
127 0.25703125 0.82578125 0.215625 0.18125
61 0.5578125 0.0984375 0.15 0.1953125