127 0.725 0.1421875 0.1984375 0.15625
105 0.52265625 0.14296875 0.16875 0.1640625
53 0.1078125 0.37109375 0.1765625 0.1515625
135 0.11796875 0.57578125 0.1859375 0.184375
61 0.3078125 0.58515625 0.1375 0.1828125
113 0.8765625 0.59609375 0.140625 0.1875
53 0.48515625 0.62890625 0.1609375 0.1578125
127 0.684375 0.63828125 0.2015625 0.1625
105 0.1109375 0.8640625 0.1921875 0.15
135 0.13203125 0.0921875 0.1765625 0.184375
61 0.90859375 0.10546875 0.121875 0.18125
113 0.31796875 0.096875 0.1484375 0.1859375