127 0.58984375 0.09609375 0.2359375 0.1921875
105 0.39921875 0.15703125 0.209375 0.2078125
53 0.09765625 0.5140625 0.1953125 0.2
135 0.1671875 0.70234375 0.23125 0.2296875
61 0.3484375 0.6453125 0.1859375 0.215625
113 0.88671875 0.46171875 0.1890625 0.2203125
53 0.53046875 0.62578125 0.2 0.196875
127 0.7203125 0.5671875 0.2390625 0.215625
105 0.259375 0.93671875 0.228125 0.1234375
135 0.06328125 0.24140625 0.1265625 0.2328125
61 0.74921875 0.04765625 0.1734375 0.0953125
113 0.190625 0.18359375 0.196875 0.2203125