127 0.071875 0.2453125 0.14375 0.190625
105 0.79296875 0.071875 0.2015625 0.14375
53 0.084375 0.48359375 0.16875 0.1921875
113 0.53515625 0.56640625 0.171875 0.2109375
61 0.7015625 0.52890625 0.1640625 0.20625
127 0.3703125 0.65234375 0.21875 0.196875
127 0.1640625 0.7109375 0.2265625 0.2078125
105 0.903125 0.52734375 0.190625 0.2015625
135 0.3953125 0.09921875 0.228125 0.1984375
53 0.1984375 0.92421875 0.184375 0.1484375
61 0.19609375 0.15546875 0.16875 0.2
113 0.5921875 0.08359375 0.184375 0.1671875