127 0.0546875 0.3484375 0.109375 0.215625
105 0.69296875 0.05078125 0.2203125 0.1015625
53 0.0921875 0.571875 0.184375 0.209375
113 0.54765625 0.5578125 0.1984375 0.221875
61 0.70390625 0.48671875 0.1890625 0.215625
127 0.4046875 0.67578125 0.234375 0.221875
127 0.215625 0.7765625 0.2453125 0.2328125
105 0.89609375 0.4421875 0.2046875 0.21875
135 0.31328125 0.12890625 0.2421875 0.225
53 0.29765625 0.946875 0.2046875 0.103125
61 0.13046875 0.22578125 0.1921875 0.2109375
113 0.4984375 0.0828125 0.209375 0.165625