194 0.22265625 0.0546875 0.1609375 0.109375
194 0.53515625 0.1171875 0.159375 0.178125
37 0.38359375 0.0828125 0.1671875 0.165625
119 0.7125 0.1984375 0.1828125 0.1703125
160 0.2078125 0.25703125 0.1921875 0.2078125
37 0.37890625 0.31484375 0.1765625 0.203125
186 0.07890625 0.48125 0.1515625 0.1484375
186 0.38046875 0.58046875 0.1375 0.1546875
29 0.8375 0.72109375 0.1546875 0.1640625
119 0.528125 0.62734375 0.1859375 0.1625
119 0.234375 0.5390625 0.1875 0.171875
29 0.6875 0.68203125 0.153125 0.1640625