127 0.89609375 0.1625 0.1890625 0.1578125
53 0.1078125 0.1375 0.159375 0.1609375
105 0.68828125 0.159375 0.171875 0.159375
61 0.0890625 0.33359375 0.1265625 0.184375
61 0.65234375 0.60390625 0.1375 0.190625
135 0.465625 0.60546875 0.178125 0.1921875
127 0.8625 0.6484375 0.203125 0.1578125
53 0.09140625 0.6296875 0.159375 0.165625
105 0.271875 0.63671875 0.16875 0.1703125
113 0.08203125 0.8203125 0.1328125 0.1921875
113 0.48984375 0.10625 0.1421875 0.18125
135 0.29921875 0.10546875 0.1765625 0.1890625