127 0.91484375 0.21328125 0.1671875 0.1796875
53 0.1546875 0.0921875 0.1765625 0.178125
105 0.72890625 0.18515625 0.1890625 0.1765625
61 0.1125 0.284375 0.1484375 0.196875
61 0.6390625 0.621875 0.1578125 0.2046875
135 0.453125 0.6 0.1984375 0.2109375
127 0.84140625 0.69140625 0.21875 0.1796875
53 0.084375 0.5796875 0.16875 0.184375
105 0.25703125 0.6078125 0.1859375 0.1875
113 0.06171875 0.76640625 0.1234375 0.2078125
113 0.5375 0.1078125 0.1625 0.196875
135 0.34921875 0.09453125 0.1984375 0.1890625