107 0.0875 0.49453125 0.175 0.2203125
55 0.9109375 0.48828125 0.175 0.2109375
54 0.3265625 0.68125 0.1859375 0.209375
107 0.1484375 0.7390625 0.184375 0.2140625
128 0.52421875 0.61796875 0.2328125 0.2328125
129 0.73046875 0.553125 0.2328125 0.2328125
106 0.228125 0.928125 0.196875 0.140625
55 0.75546875 0.06015625 0.1890625 0.1203125
54 0.415625 0.12265625 0.178125 0.2125
106 0.590625 0.08671875 0.19375 0.1734375
128 0.0703125 0.2578125 0.140625 0.234375
129 0.23046875 0.1890625 0.2328125 0.23125