106 0.12421875 0.29921875 0.1765625 0.2078125
107 0.29375 0.58046875 0.175 0.2
128 0.6890625 0.64453125 0.203125 0.2
55 0.47890625 0.6125 0.1703125 0.1890625
129 0.10234375 0.553125 0.2046875 0.203125
54 0.8796875 0.67890625 0.159375 0.196875
106 0.0609375 0.78515625 0.121875 0.2015625
54 0.559375 0.11328125 0.1578125 0.184375
128 0.91796875 0.17421875 0.1609375 0.2109375
129 0.37265625 0.09453125 0.2078125 0.1890625
55 0.73359375 0.14296875 0.1546875 0.1890625
107 0.15859375 0.08203125 0.1578125 0.1640625