128 0.10546875 0.50546875 0.2109375 0.2328125
106 0.37109375 0.67421875 0.20625 0.221875
55 0.9125 0.4484375 0.171875 0.234375
107 0.75625 0.51953125 0.196875 0.2078125
128 0.57265625 0.59453125 0.2390625 0.2421875
129 0.18125 0.759375 0.2453125 0.2515625
54 0.24765625 0.9453125 0.1796875 0.10625
55 0.69609375 0.0515625 0.1984375 0.103125
129 0.05390625 0.28046875 0.1078125 0.2390625
107 0.3390625 0.1390625 0.21875 0.2421875
54 0.17265625 0.20703125 0.178125 0.209375
106 0.52578125 0.08828125 0.1984375 0.1765625