107 0.14453125 0.22578125 0.196875 0.2234375
55 0.4203125 0.59296875 0.178125 0.2109375
54 0.59453125 0.6546875 0.190625 0.2078125
106 0.07890625 0.471875 0.1578125 0.2125
107 0.24453125 0.534375 0.1953125 0.215625
129 0.79453125 0.72890625 0.2296875 0.23125
128 0.06328125 0.71640625 0.1265625 0.2328125
55 0.43359375 0.07890625 0.1859375 0.1578125
54 0.60625 0.11796875 0.178125 0.20625
129 0.25390625 0.0546875 0.2296875 0.109375
128 0.9359375 0.2515625 0.125 0.234375
106 0.7875 0.18359375 0.190625 0.2171875