107 0.1171875 0.2640625 0.1828125 0.2140625
55 0.43046875 0.60078125 0.1640625 0.203125
54 0.61015625 0.64375 0.1765625 0.1984375
106 0.07578125 0.51796875 0.1515625 0.2046875
107 0.24921875 0.5609375 0.18125 0.20625
129 0.8171875 0.696875 0.215625 0.21875
128 0.07265625 0.7671875 0.1453125 0.21875
55 0.38671875 0.08125 0.1734375 0.1625
54 0.565625 0.10859375 0.1640625 0.1984375
129 0.20234375 0.065625 0.2171875 0.13125
128 0.925 0.2015625 0.146875 0.221875
106 0.753125 0.1546875 0.1765625 0.209375