128 0.10234375 0.47421875 0.2046875 0.2234375
55 0.134375 0.73359375 0.171875 0.2
106 0.31015625 0.67734375 0.19375 0.2203125
107 0.49375 0.61796875 0.196875 0.221875
128 0.89921875 0.48203125 0.1984375 0.2328125
129 0.70390625 0.55625 0.21875 0.2375
54 0.2171875 0.93203125 0.18125 0.1328125
55 0.03671875 0.25546875 0.0734375 0.2078125
54 0.73203125 0.05625 0.1765625 0.1125
106 0.3375 0.1390625 0.1984375 0.2109375
129 0.53828125 0.103125 0.2484375 0.20625
107 0.159375 0.2015625 0.1953125 0.2171875