128 0.20859375 0.21171875 0.234375 0.23125
55 0.08125 0.4375 0.1625 0.20625
106 0.240625 0.509375 0.2046875 0.2265625
107 0.41796875 0.58515625 0.2078125 0.228125
128 0.8234375 0.75703125 0.2359375 0.240625
129 0.6171875 0.67578125 0.2296875 0.2453125
54 0.0359375 0.671875 0.071875 0.221875
55 0.26875 0.03984375 0.196875 0.0796875
54 0.95078125 0.2828125 0.0953125 0.20625
106 0.6140625 0.12109375 0.2078125 0.21875
129 0.80625 0.20625 0.2578125 0.2640625
107 0.43828125 0.0828125 0.2078125 0.165625