106 0.0828125 0.48515625 0.165625 0.2265625
55 0.140625 0.72578125 0.184375 0.225
128 0.33515625 0.66171875 0.246875 0.2578125
107 0.67578125 0.53828125 0.2046875 0.2296875
55 0.51875 0.6 0.1859375 0.21875
54 0.84921875 0.4796875 0.196875 0.221875
106 0.23828125 0.91953125 0.1984375 0.1578125
54 0.553125 0.075 0.19375 0.15
55 0.02890625 0.25703125 0.0578125 0.1984375
129 0.1734375 0.18515625 0.24375 0.2328125
128 0.37421875 0.1203125 0.228125 0.23125
107 0.73203125 0.05078125 0.2015625 0.1015625