54 0.07734375 0.4328125 0.1546875 0.2
55 0.28515625 0.6546875 0.16875 0.20625
54 0.47109375 0.6296875 0.159375 0.1875
106 0.88515625 0.56953125 0.1859375 0.21875
107 0.1109375 0.69453125 0.1609375 0.215625
128 0.68046875 0.60703125 0.2109375 0.2203125
129 0.1828125 0.9140625 0.209375 0.16875
107 0.059375 0.17890625 0.11875 0.2046875
55 0.80546875 0.078125 0.1578125 0.15625
55 0.4390625 0.115625 0.153125 0.1953125
128 0.24765625 0.1484375 0.2234375 0.2046875
106 0.62734375 0.09609375 0.1640625 0.1921875