54 0.1859375 0.19765625 0.2046875 0.221875
55 0.23515625 0.503125 0.209375 0.2296875
54 0.40234375 0.58984375 0.1953125 0.2109375
106 0.77578125 0.778125 0.2265625 0.2453125
107 0.08671875 0.4359375 0.1734375 0.2375
128 0.58671875 0.690625 0.25 0.2546875
129 0.05625 0.67734375 0.1125 0.2515625
107 0.3015625 0.04140625 0.2125 0.0828125
55 0.95234375 0.31171875 0.0921875 0.2203125
55 0.6703125 0.15 0.1921875 0.215625
128 0.4953125 0.0953125 0.25625 0.190625
106 0.8375 0.2390625 0.2015625 0.2203125