129 0.18828125 0.221875 0.2359375 0.240625
128 0.825 0.7296875 0.2296875 0.2296875
106 0.61953125 0.65703125 0.1875 0.2203125
129 0.25703125 0.51875 0.225 0.2234375
54 0.07890625 0.44765625 0.1578125 0.2046875
107 0.44140625 0.59375 0.2 0.2140625
55 0.0390625 0.6671875 0.078125 0.209375
55 0.93359375 0.25234375 0.1296875 0.2171875
54 0.25078125 0.0421875 0.1859375 0.084375
106 0.58515625 0.11171875 0.2015625 0.215625
107 0.40859375 0.075 0.1953125 0.15
128 0.78203125 0.1890625 0.2390625 0.240625