129 0.17421875 0.2390625 0.2296875 0.234375
128 0.83671875 0.7125 0.2234375 0.2234375
106 0.62734375 0.65078125 0.1796875 0.2171875
129 0.2578125 0.53125 0.2203125 0.2171875
54 0.07578125 0.46953125 0.1515625 0.2015625
107 0.44609375 0.596875 0.19375 0.209375
55 0.0421875 0.69375 0.084375 0.20625
55 0.92890625 0.228125 0.1390625 0.2125
54 0.22421875 0.0484375 0.1796875 0.096875
106 0.56484375 0.1078125 0.1953125 0.2109375
107 0.38515625 0.0765625 0.1890625 0.153125
128 0.76484375 0.17421875 0.2328125 0.2359375