107 0.09765625 0.31171875 0.140625 0.18125
55 0.87578125 0.60078125 0.1359375 0.1796875
128 0.6921875 0.59140625 0.1828125 0.1859375
129 0.290625 0.57265625 0.171875 0.184375
107 0.4859375 0.58515625 0.1453125 0.1828125
106 0.0875 0.5640625 0.146875 0.171875
54 0.06640625 0.8015625 0.1328125 0.18125
54 0.4546875 0.0921875 0.1375 0.171875
55 0.2796875 0.084375 0.125 0.165625
106 0.11015625 0.08046875 0.1390625 0.1609375
129 0.65 0.10625 0.1921875 0.1796875
128 0.87421875 0.121875 0.1796875 0.1859375