131 0.1578125 0.0828125 0.184375 0.165625
109 0.73828125 0.15234375 0.146875 0.1671875
56 0.17265625 0.25390625 0.1359375 0.171875
130 0.7203125 0.54140625 0.1875 0.2171875
104 0.89765625 0.5859375 0.14375 0.134375
57 0.29140625 0.53125 0.1765625 0.1703125
109 0.48125 0.5546875 0.159375 0.1703125
131 0.109375 0.509375 0.1890625 0.1796875
57 0.078125 0.71484375 0.15625 0.1640625
108 0.375 0.0734375 0.134375 0.146875
130 0.5609375 0.090625 0.1828125 0.1796875
52 0.928125 0.15859375 0.140625 0.1421875