131 0.08359375 0.15859375 0.1671875 0.1671875
109 0.66015625 0.11015625 0.1421875 0.1625
56 0.12890625 0.32734375 0.13125 0.16875
130 0.7234375 0.49453125 0.18125 0.2125
104 0.90703125 0.5015625 0.140625 0.1296875
57 0.30234375 0.5734375 0.171875 0.1640625
109 0.49296875 0.55703125 0.1546875 0.165625
131 0.11953125 0.590625 0.1828125 0.1734375
57 0.13046875 0.79765625 0.1515625 0.1578125
108 0.28671875 0.10078125 0.128125 0.159375
130 0.47578125 0.0875 0.1796875 0.175
52 0.8546875 0.075 0.1484375 0.1359375