131 0.93046875 0.2078125 0.1359375 0.184375
109 0.7203125 0.16796875 0.1703125 0.184375
57 0.12265625 0.2859375 0.1859375 0.1734375
130 0.128125 0.4734375 0.2015625 0.196875
56 0.490625 0.5375 0.1515625 0.1765625
108 0.3234375 0.51015625 0.1625 0.190625
109 0.64296875 0.60859375 0.1703125 0.178125
131 0.875 0.65546875 0.1953125 0.1703125
57 0.06171875 0.72734375 0.1234375 0.1765625
108 0.3484375 0.07578125 0.1625 0.1515625
56 0.17421875 0.06015625 0.1515625 0.1203125
130 0.54921875 0.10234375 0.2015625 0.2046875