131 0.84375 0.08515625 0.184375 0.1703125
109 0.60703125 0.115625 0.165625 0.1796875
57 0.08359375 0.41328125 0.1671875 0.1703125
130 0.1375 0.58984375 0.196875 0.1921875
56 0.50234375 0.53828125 0.146875 0.1734375
108 0.33515625 0.5640625 0.15625 0.1859375
109 0.66953125 0.559375 0.165625 0.1734375
131 0.903125 0.53203125 0.190625 0.1671875
57 0.128125 0.859375 0.1671875 0.171875
108 0.21875 0.12578125 0.15625 0.18125
56 0.059375 0.153125 0.11875 0.178125
130 0.421875 0.103125 0.1953125 0.2046875