131 0.4125 0.13203125 0.2 0.203125
109 0.19296875 0.21328125 0.1734375 0.175
56 0.096875 0.4171875 0.171875 0.1890625
108 0.89921875 0.4078125 0.1765625 0.203125
130 0.1390625 0.64375 0.2046875 0.2078125
56 0.72421875 0.465625 0.1609375 0.184375
109 0.32109375 0.634375 0.184375 0.1890625
131 0.53828125 0.57109375 0.2109375 0.196875
57 0.17734375 0.90390625 0.178125 0.1703125
108 0.60625 0.065625 0.16875 0.13125
130 0.05859375 0.22109375 0.1171875 0.2140625
52 0.7796875 0.03984375 0.1375 0.0796875