131 0.60859375 0.1375 0.1921875 0.1953125
109 0.37734375 0.09765625 0.1671875 0.16875
56 0.1921875 0.2265625 0.1625 0.184375
108 0.89140625 0.61953125 0.1671875 0.196875
130 0.11484375 0.44375 0.196875 0.2
56 0.7109375 0.58203125 0.1515625 0.1796875
109 0.278125 0.52734375 0.1765625 0.1828125
131 0.49765625 0.58046875 0.2046875 0.1875
57 0.053125 0.6890625 0.10625 0.165625
108 0.82265625 0.15234375 0.1578125 0.178125
130 0.21953125 0.059375 0.1953125 0.11875
52 0.96015625 0.21484375 0.0765625 0.1359375