131 0.8 0.1859375 0.1984375 0.2078125
131 0.38984375 0.10625 0.1859375 0.1828125
109 0.159375 0.07421875 0.165625 0.1484375
56 0.18046875 0.23359375 0.1734375 0.184375
130 0.4765625 0.52890625 0.2484375 0.240625
52 0.88359375 0.63671875 0.1671875 0.1703125
57 0.25078125 0.525 0.1953125 0.190625
109 0.07578125 0.4875 0.1515625 0.18125
131 0.684375 0.6234375 0.1984375 0.1953125
108 0.08203125 0.66875 0.1609375 0.1859375
108 0.61328125 0.1046875 0.159375 0.196875
52 0.9578125 0.21640625 0.08125 0.1546875