131 0.61015625 0.0953125 0.2109375 0.190625
131 0.2125 0.20859375 0.1953125 0.19375
109 0.03828125 0.28046875 0.0765625 0.1859375
56 0.0921875 0.421875 0.184375 0.19375
130 0.49296875 0.53671875 0.2609375 0.2546875
52 0.90234375 0.43359375 0.1765625 0.1796875
57 0.29453125 0.64296875 0.2046875 0.2015625
109 0.11640625 0.696875 0.175 0.1875
131 0.72109375 0.51796875 0.209375 0.20625
108 0.21640625 0.85 0.171875 0.1921875
108 0.4078125 0.10078125 0.171875 0.2015625
52 0.79375 0.046875 0.159375 0.09375