119 0.41171875 0.18125 0.175 0.1375
186 0.8734375 0.13515625 0.1484375 0.1390625
29 0.2296875 0.20703125 0.134375 0.13125
186 0.72890625 0.15625 0.13125 0.1375
119 0.07421875 0.22734375 0.1484375 0.1578125
29 0.584375 0.18203125 0.1515625 0.146875
29 0.709375 0.4109375 0.1484375 0.1265625
186 0.39296875 0.4453125 0.1515625 0.1234375
186 0.06171875 0.4828125 0.1234375 0.13125
29 0.54609375 0.43125 0.153125 0.140625
119 0.23203125 0.46796875 0.16875 0.1390625
119 0.896875 0.40390625 0.178125 0.146875