119 0.59375 0.1828125 0.2 0.18125
186 0.96015625 0.38828125 0.0765625 0.1734375
29 0.42578125 0.10859375 0.1625 0.1609375
186 0.87578125 0.3296875 0.1609375 0.1640625
119 0.2671875 0.0671875 0.215625 0.134375
29 0.73984375 0.27578125 0.1828125 0.18125
29 0.72421875 0.53515625 0.1734375 0.1625
186 0.43828125 0.396875 0.175 0.159375
186 0.13359375 0.25078125 0.1578125 0.1578125
29 0.57578125 0.46640625 0.1828125 0.175
119 0.28984375 0.33046875 0.1953125 0.1796875
119 0.8875 0.62890625 0.2046875 0.1890625