131 0.8625 0.10703125 0.171875 0.1671875
57 0.06640625 0.16484375 0.1328125 0.1515625
109 0.08359375 0.37890625 0.159375 0.1546875
130 0.75546875 0.51875 0.178125 0.1828125
108 0.109375 0.5640625 0.1359375 0.1703125
52 0.9390625 0.5328125 0.11875 0.13125
131 0.309375 0.590625 0.1796875 0.165625
109 0.515625 0.5765625 0.1703125 0.1640625
56 0.1765625 0.7796875 0.14375 0.1765625
56 0.66015625 0.078125 0.1296875 0.15625
130 0.29375 0.10234375 0.1703125 0.175
108 0.48515625 0.0890625 0.1359375 0.1640625