131 0.94609375 0.30625 0.1046875 0.20625
57 0.246875 0.04765625 0.1875 0.0953125
109 0.17890625 0.20859375 0.1921875 0.190625
130 0.721875 0.62890625 0.21875 0.2203125
108 0.1203125 0.3859375 0.1765625 0.196875
52 0.88359375 0.72265625 0.1515625 0.15625
131 0.28828125 0.49765625 0.2140625 0.20625
109 0.48046875 0.57578125 0.20625 0.203125
56 0.08984375 0.609375 0.1796875 0.20625
56 0.83203125 0.18515625 0.16875 0.1921875
130 0.4890625 0.0796875 0.209375 0.159375
108 0.6671875 0.12421875 0.175 0.1921875