58 0.07734375 0.49375 0.1546875 0.21875
132 0.31796875 0.590625 0.240625 0.23125
58 0.1375 0.6796875 0.2171875 0.215625
110 0.66328125 0.42890625 0.228125 0.225
132 0.85078125 0.3390625 0.2328125 0.2171875
110 0.49921875 0.51484375 0.2234375 0.221875
58 0.22578125 0.8546875 0.221875 0.2140625
110 0.315625 0.140625 0.2140625 0.2109375
110 0.48671875 0.08515625 0.2328125 0.1703125
132 0.0546875 0.3046875 0.109375 0.23125
132 0.6703125 0.0421875 0.234375 0.084375
58 0.1609375 0.2296875 0.2109375 0.2171875