58 0.09453125 0.2859375 0.175 0.1609375
132 0.296875 0.49765625 0.1890625 0.1703125
58 0.0953125 0.4953125 0.1671875 0.1625
110 0.678125 0.5109375 0.1765625 0.16875
132 0.8859375 0.51640625 0.1875 0.1546875
110 0.49296875 0.51328125 0.1703125 0.16875
58 0.0953125 0.69140625 0.1734375 0.1578125
110 0.49921875 0.09609375 0.1640625 0.1578125
110 0.6890625 0.09921875 0.1796875 0.165625
132 0.1328125 0.09375 0.1890625 0.1671875
132 0.890625 0.1078125 0.1828125 0.1625
58 0.32109375 0.10546875 0.1578125 0.16875