132 0.1328125 0.25859375 0.2203125 0.184375
110 0.1 0.48203125 0.190625 0.1765625
132 0.31171875 0.50078125 0.2078125 0.184375
132 0.89296875 0.55390625 0.2125 0.184375
58 0.50625 0.52109375 0.1890625 0.1734375
58 0.6890625 0.540625 0.1703125 0.1828125
110 0.09296875 0.690625 0.1859375 0.184375
58 0.91953125 0.12109375 0.1578125 0.1671875
58 0.321875 0.084375 0.18125 0.16875
110 0.73359375 0.115625 0.1859375 0.1828125
110 0.13515625 0.08203125 0.1984375 0.1640625
132 0.53046875 0.103125 0.2125 0.190625