132 0.175 0.20390625 0.240625 0.2109375
110 0.1078125 0.41953125 0.2109375 0.2
132 0.3140625 0.47109375 0.228125 0.2109375
132 0.8796875 0.61484375 0.2328125 0.2109375
58 0.50234375 0.521875 0.209375 0.196875
58 0.68046875 0.5703125 0.1921875 0.2015625
110 0.0859375 0.6234375 0.171875 0.209375
58 0.94140625 0.19296875 0.1140625 0.1890625
58 0.3890625 0.07890625 0.203125 0.1578125
110 0.790625 0.15703125 0.2078125 0.20625
110 0.2078125 0.06171875 0.221875 0.1234375
132 0.59296875 0.1125 0.234375 0.215625