132 0.096875 0.40625 0.19375 0.21875
110 0.1203125 0.6265625 0.215625 0.2046875
132 0.32421875 0.56796875 0.2328125 0.215625
132 0.8828125 0.41015625 0.23125 0.2171875
58 0.51328125 0.5171875 0.2125 0.2015625
58 0.69140625 0.4703125 0.196875 0.20625
110 0.178125 0.82734375 0.228125 0.2125
58 0.76328125 0.04453125 0.1984375 0.0890625
58 0.18046875 0.1671875 0.20625 0.2109375
110 0.58046875 0.08203125 0.2140625 0.1640625
110 0.05859375 0.22421875 0.1171875 0.2265625
132 0.38671875 0.11796875 0.2390625 0.221875