110 0.084375 0.40234375 0.16875 0.1921875
132 0.13125 0.59609375 0.2328125 0.2203125
132 0.69921875 0.43828125 0.2453125 0.2234375
58 0.5046875 0.49765625 0.2109375 0.196875
58 0.88671875 0.3890625 0.196875 0.190625
110 0.3265625 0.5546875 0.21875 0.2125
110 0.17265625 0.80703125 0.2109375 0.2046875
58 0.7703125 0.040625 0.20625 0.08125
132 0.4046875 0.10078125 0.225 0.2015625
58 0.21484375 0.1546875 0.2046875 0.2109375
110 0.596875 0.0765625 0.215625 0.153125
132 0.06875 0.2171875 0.1375 0.221875