110 0.0921875 0.32109375 0.184375 0.1640625
132 0.11953125 0.52421875 0.2078125 0.1890625
132 0.70703125 0.47734375 0.2203125 0.190625
58 0.50546875 0.4984375 0.1890625 0.16875
58 0.90078125 0.46484375 0.1734375 0.165625
110 0.31875 0.5203125 0.19375 0.184375
110 0.1203125 0.7390625 0.1859375 0.178125
58 0.8625 0.0640625 0.184375 0.128125
132 0.48203125 0.0890625 0.2015625 0.171875
58 0.2859375 0.10703125 0.178125 0.1859375
110 0.68046875 0.08359375 0.1890625 0.1671875
132 0.09375 0.13203125 0.1875 0.1921875