110 0.1703125 0.196875 0.2046875 0.1859375
132 0.13203125 0.3984375 0.2296875 0.215625
132 0.70390625 0.54609375 0.240625 0.21875
58 0.50546875 0.50078125 0.2078125 0.1921875
58 0.890625 0.59765625 0.19375 0.1875
110 0.321875 0.46015625 0.215625 0.2078125
110 0.08359375 0.60234375 0.1671875 0.2015625
58 0.94375 0.1890625 0.109375 0.1875
132 0.6171875 0.10546875 0.2203125 0.196875
58 0.42578125 0.08125 0.2015625 0.1625
110 0.81015625 0.15546875 0.209375 0.20625
132 0.22734375 0.06171875 0.2265625 0.1234375