63 0.46796875 0.240625 0.165625 0.14375
63 0.04921875 0.39609375 0.0984375 0.1390625
169 0.1859375 0.3390625 0.20625 0.178125
72 0.7453125 0.14765625 0.1765625 0.1515625
154 0.60625 0.19765625 0.1265625 0.1359375
154 0.3390625 0.2921875 0.1375 0.1328125
169 0.56328125 0.37265625 0.209375 0.1671875
63 0.4015625 0.4328125 0.16875 0.1515625
63 0.075 0.54921875 0.15 0.1359375
154 0.72109375 0.325 0.1359375 0.1328125
169 0.2359375 0.49140625 0.2 0.1609375
154 0.84765625 0.2828125 0.1265625 0.128125
0 0.5765625 0.55 0.1703125 0.1578125
0 0.24609375 0.66328125 0.1625 0.1453125
146 0.7125 0.5046875 0.134375 0.1421875
161 0.86171875 0.453125 0.20625 0.1703125
161 0.4140625 0.60859375 0.190625 0.159375
146 0.1078125 0.71640625 0.14375 0.153125
0 0.92578125 0.59375 0.1453125 0.140625
161 0.6171875 0.709375 0.1921875 0.159375
146 0.46796875 0.7625 0.14375 0.134375
0 0.7859375 0.653125 0.159375 0.1421875
146 0.16640625 0.86875 0.134375 0.1390625
161 0.31484375 0.81875 0.203125 0.171875
63 0.7234375 0.02734375 0.16875 0.0546875
169 0.28125 0.134375 0.2015625 0.175
63 0.45 0.07890625 0.171875 0.1578125
154 0.5828125 0.0515625 0.153125 0.103125
169 0.04296875 0.240625 0.0859375 0.184375
154 0.96796875 0.73984375 0.0609375 0.1390625
169 0.51015625 0.909375 0.2015625 0.1640625
169 0.69765625 0.84765625 0.209375 0.165625
63 0.8625 0.790625 0.165625 0.15
63 0.2296875 0.96875 0.16875 0.059375
154 0.36796875 0.94609375 0.1421875 0.1046875
154 0.134375 0.19609375 0.1484375 0.1609375