63 0.6671875 0.3 0.171875 0.15625
63 0.24609375 0.07578125 0.16875 0.1515625
169 0.40390625 0.16015625 0.2140625 0.1953125
72 0.915625 0.43984375 0.165625 0.1671875
154 0.79375 0.37109375 0.1375 0.14375
154 0.5421875 0.24140625 0.1453125 0.1421875
169 0.63671875 0.459375 0.215625 0.1859375
63 0.48203125 0.3828125 0.1765625 0.1640625
63 0.16953125 0.2171875 0.165625 0.1484375
154 0.77890625 0.5421875 0.14375 0.1421875
169 0.32578125 0.3015625 0.2046875 0.1796875
154 0.89609375 0.60625 0.134375 0.1359375
0 0.515625 0.58984375 0.178125 0.1703125
0 0.2078125 0.42578125 0.1703125 0.1578125
146 0.64140625 0.65859375 0.1453125 0.1484375
161 0.78046875 0.7328125 0.2109375 0.1875
161 0.36171875 0.51171875 0.196875 0.1765625
146 0.0765625 0.3609375 0.153125 0.1625
0 0.72578125 0.87890625 0.1625 0.1515625
161 0.42734375 0.728125 0.1984375 0.1765625
146 0.28671875 0.65546875 0.1515625 0.14375
0 0.5828125 0.81328125 0.1671875 0.1546875
146 0.03828125 0.50859375 0.0765625 0.1484375
161 0.140625 0.58203125 0.209375 0.1890625
63 0.971875 0.30859375 0.053125 0.1609375
169 0.61953125 0.09375 0.2109375 0.1875
63 0.775 0.1734375 0.178125 0.171875
154 0.89921875 0.240625 0.1578125 0.1515625
169 0.33671875 0.021875 0.2171875 0.04375
154 0.66796875 0.978125 0.1421875 0.040625
169 0.2078125 0.78671875 0.20625 0.18125
169 0.38046875 0.88125 0.2140625 0.184375
63 0.53515625 0.93984375 0.1734375 0.1171875
154 0.07109375 0.72421875 0.1421875 0.1609375
154 0.4734375 0.05546875 0.1625 0.1109375