63 0.57578125 0.25 0.1484375 0.115625
63 0.10078125 0.20859375 0.146875 0.109375
169 0.27890625 0.225 0.184375 0.1421875
72 0.86796875 0.278125 0.1578125 0.121875
154 0.7203125 0.26640625 0.1046875 0.11875
154 0.4375 0.2453125 0.11875 0.1109375
169 0.61015625 0.409375 0.1921875 0.1296875
63 0.4375 0.39921875 0.1484375 0.1234375
63 0.0859375 0.36875 0.1453125 0.10625
154 0.7734375 0.4296875 0.1171875 0.1125
169 0.2625 0.38515625 0.1828125 0.125
154 0.90546875 0.44296875 0.10625 0.109375
0 0.55 0.5765625 0.15 0.1296875
0 0.2015625 0.54609375 0.14375 0.11875
146 0.6921875 0.590625 0.1125 0.121875
161 0.84921875 0.60390625 0.1859375 0.134375
161 0.37734375 0.56484375 0.171875 0.1265625
146 0.05703125 0.53828125 0.1140625 0.1359375
0 0.85625 0.7609375 0.1375 0.1140625
161 0.521875 0.7390625 0.1734375 0.125
146 0.3640625 0.7265625 0.1265625 0.1109375
0 0.6984375 0.75546875 0.1421875 0.115625
146 0.0515625 0.7015625 0.103125 0.121875
161 0.20078125 0.71640625 0.18125 0.1375
63 0.91484375 0.115625 0.15 0.1171875
169 0.44921875 0.0765625 0.1796875 0.1421875
63 0.62578125 0.0921875 0.1484375 0.13125
154 0.765625 0.10546875 0.1328125 0.115625
169 0.13203125 0.06328125 0.1859375 0.1265625
154 0.86171875 0.92265625 0.1078125 0.1203125
169 0.34296875 0.878125 0.1828125 0.128125
169 0.5390625 0.89765625 0.1921875 0.1265625
63 0.71328125 0.91328125 0.1453125 0.1234375
63 0.0609375 0.85703125 0.121875 0.1140625
154 0.18828125 0.87578125 0.1171875 0.1328125
154 0.28984375 0.0734375 0.1234375 0.140625