0 0.5875 0.2453125 0.15 0.1125
0 0.88125 0.23671875 0.14375 0.1140625
146 0.73828125 0.2453125 0.109375 0.1125
64 0.4171875 0.26015625 0.1421875 0.1109375
161 0.09296875 0.27421875 0.1828125 0.13125
146 0.265625 0.26953125 0.1203125 0.128125
154 0.7734375 0.40546875 0.125 0.1265625
63 0.2875 0.42265625 0.1453125 0.125
72 0.4546875 0.42265625 0.15625 0.128125
169 0.1046875 0.4359375 0.2 0.14375
154 0.90390625 0.40859375 0.11875 0.125
63 0.628125 0.4203125 0.15 0.1109375
0 0.465625 0.59453125 0.1421875 0.109375
0 0.7640625 0.5875 0.14375 0.128125
146 0.615625 0.596875 0.109375 0.121875
161 0.28359375 0.61015625 0.18125 0.128125
146 0.915625 0.5875 0.11875 0.1234375
161 0.1015625 0.6171875 0.178125 0.1296875
0 0.7453125 0.06875 0.14375 0.11875
146 0.9015625 0.06875 0.1140625 0.1109375
161 0.09140625 0.09921875 0.1828125 0.1515625
0 0.27265625 0.09375 0.1484375 0.13125
64 0.57890625 0.084375 0.1515625 0.1375
146 0.4265625 0.09140625 0.10625 0.115625