0 0.47578125 0.23203125 0.178125 0.1609375
0 0.740625 0.1046875 0.175 0.159375
146 0.6140625 0.1703125 0.14375 0.14375
64 0.3265625 0.3140625 0.171875 0.15625
161 0.07265625 0.459375 0.1453125 0.19375
146 0.1921875 0.38515625 0.1578125 0.1609375
154 0.7109375 0.30234375 0.1625 0.1625
63 0.275 0.515625 0.178125 0.16875
72 0.4265625 0.44765625 0.190625 0.178125
169 0.115625 0.60234375 0.23125 0.2109375
154 0.83203125 0.25234375 0.15625 0.159375
63 0.584375 0.37578125 0.178125 0.159375
0 0.50703125 0.6 0.1703125 0.1546875
0 0.77734375 0.47265625 0.1796875 0.171875
146 0.6453125 0.54140625 0.1453125 0.1515625
161 0.346875 0.68828125 0.2125 0.1875
146 0.915625 0.4109375 0.15625 0.1578125
161 0.18359375 0.76875 0.209375 0.1875
0 0.5484375 0.04453125 0.178125 0.0890625
161 0.0375 0.30234375 0.075 0.2109375
0 0.1265625 0.22109375 0.184375 0.1765625
64 0.40234375 0.090625 0.1921875 0.18125
146 0.26640625 0.15703125 0.140625 0.1453125