0 0.578125 0.2421875 0.153125 0.1171875
0 0.87109375 0.2234375 0.1484375 0.11875
146 0.72890625 0.2375 0.1140625 0.115625
64 0.409375 0.2625 0.146875 0.115625
161 0.08984375 0.28828125 0.1796875 0.1390625
146 0.25703125 0.278125 0.1234375 0.13125
154 0.7703125 0.39609375 0.1296875 0.1296875
63 0.28515625 0.43046875 0.1484375 0.1296875
72 0.4515625 0.42421875 0.1609375 0.134375
169 0.10234375 0.44921875 0.2046875 0.15
154 0.90078125 0.39453125 0.1234375 0.128125
63 0.625 0.41640625 0.153125 0.115625
0 0.46875 0.5953125 0.1453125 0.1140625
0 0.7671875 0.578125 0.146875 0.1328125
146 0.61953125 0.59296875 0.1125 0.125
161 0.2875 0.6171875 0.184375 0.134375
146 0.91875 0.5734375 0.1234375 0.1265625
161 0.10546875 0.63125 0.18125 0.1359375
0 0.7296875 0.06171875 0.15 0.1234375
146 0.88671875 0.05625 0.1203125 0.1125
161 0.08515625 0.11328125 0.1703125 0.1578125
0 0.25859375 0.1015625 0.1515625 0.1359375
64 0.5640625 0.08203125 0.15625 0.1421875
146 0.41171875 0.09453125 0.109375 0.11875