0 0.51015625 0.23828125 0.175 0.1546875
0 0.16484375 0.13359375 0.1703125 0.153125
161 0.91328125 0.37109375 0.1703125 0.1703125
161 0.33515625 0.19140625 0.2015625 0.1625
146 0.775 0.33359375 0.13125 0.1296875
146 0.65078125 0.29921875 0.1265625 0.1359375
0 0.50703125 0.4125 0.171875 0.153125
0 0.121875 0.296875 0.171875 0.1609375
161 0.88671875 0.534375 0.2078125 0.171875
161 0.6859375 0.4734375 0.2046875 0.16875
146 0.25078125 0.34921875 0.1390625 0.1390625
146 0.36953125 0.3859375 0.14375 0.1578125
161 0.54765625 0.60234375 0.203125 0.16875
0 0.07890625 0.45625 0.1578125 0.14375
146 0.86953125 0.70546875 0.14375 0.1515625
0 0.7328125 0.66484375 0.1875 0.1609375
146 0.396875 0.56328125 0.146875 0.1515625
161 0.23515625 0.51953125 0.2078125 0.16875
0 0.48828125 0.06953125 0.1765625 0.1390625
0 0.3390625 0.04765625 0.178125 0.0953125
161 0.93984375 0.2125 0.1171875 0.16875
146 0.6296875 0.1140625 0.13125 0.13125
146 0.2015625 0.025 0.140625 0.05
161 0.7859375 0.16171875 0.1953125 0.1640625