0 0.3546875 0.28203125 0.178125 0.1578125
0 0.05078125 0.40078125 0.1015625 0.1578125
161 0.7734375 0.14140625 0.2078125 0.1734375
161 0.18515625 0.346875 0.203125 0.1671875
146 0.62421875 0.20390625 0.1328125 0.13125
146 0.5046875 0.24921875 0.1296875 0.1375
0 0.45390625 0.425 0.1734375 0.15625
0 0.08203125 0.5578125 0.1640625 0.165625
161 0.8328125 0.3 0.2109375 0.1765625
161 0.63515625 0.36953125 0.2078125 0.1734375
146 0.21015625 0.52421875 0.1421875 0.140625
146 0.32734375 0.484375 0.146875 0.1609375
161 0.59921875 0.5546875 0.2046875 0.1734375
0 0.12734375 0.71640625 0.171875 0.146875
146 0.91953125 0.44921875 0.146875 0.1546875
0 0.7859375 0.496875 0.1890625 0.1640625
146 0.453125 0.61171875 0.15 0.1546875
161 0.296875 0.671875 0.209375 0.1734375
0 0.23046875 0.1484375 0.1765625 0.165625
0 0.08671875 0.2 0.1734375 0.171875
161 0.721875 0.03515625 0.20625 0.0703125
146 0.378125 0.11171875 0.1328125 0.1328125
161 0.53203125 0.071875 0.1984375 0.14375