168 0.71484375 0.2984375 0.1984375 0.1640625
40 0.884375 0.3515625 0.1734375 0.1515625
153 0.5578125 0.26171875 0.1359375 0.1421875
156 0.440625 0.234375 0.128125 0.14375
230 0.1625 0.15234375 0.1703125 0.1671875
171 0.31171875 0.19921875 0.1953125 0.175
168 0.4171875 0.38046875 0.1984375 0.159375
40 0.5890625 0.4390625 0.159375 0.1421875
230 0.125 0.303125 0.1671875 0.165625
153 0.2609375 0.346875 0.1390625 0.1328125
171 0.88125 0.5375 0.209375 0.178125
156 0.71796875 0.4921875 0.14375 0.1546875
40 0.37734375 0.55 0.16875 0.1453125
153 0.5171875 0.59296875 0.1375 0.134375
168 0.86484375 0.7015625 0.196875 0.1515625
230 0.08046875 0.46328125 0.1609375 0.1671875
171 0.678125 0.65 0.1984375 0.171875
156 0.2125 0.5109375 0.1296875 0.1390625
40 0.05625 0.615625 0.1125 0.14375
156 0.6234375 0.8046875 0.140625 0.15625
230 0.36875 0.72890625 0.1671875 0.1578125
171 0.77578125 0.85390625 0.221875 0.18125
153 0.5046875 0.77421875 0.128125 0.140625
171 0.1890625 0.67890625 0.215625 0.190625
40 0.6921875 0.12265625 0.1703125 0.1609375
168 0.5125 0.0796875 0.209375 0.159375
171 0.9375 0.2203125 0.121875 0.19375
153 0.2 0.03046875 0.140625 0.0609375
168 0.3921875 0.8984375 0.2 0.1640625
40 0.03046875 0.775 0.0609375 0.140625
153 0.234375 0.86015625 0.1234375 0.121875
171 0.73359375 0.959375 0.2140625 0.078125
156 0.11171875 0.82890625 0.134375 0.15
230 0.559375 0.93984375 0.171875 0.1171875
156 0.81875 0.1765625 0.140625 0.15625
230 0.3390625 0.0578125 0.165625 0.115625