168 0.7046875 0.2875 0.1953125 0.15625
40 0.8765625 0.33125 0.16875 0.1453125
153 0.5453125 0.259375 0.13125 0.1390625
156 0.4265625 0.2375 0.1234375 0.140625
230 0.14453125 0.17109375 0.165625 0.1609375
171 0.29609375 0.209375 0.1921875 0.16875
168 0.4109375 0.38515625 0.1953125 0.1515625
40 0.5859375 0.434375 0.15625 0.1359375
230 0.11484375 0.32265625 0.1625 0.1609375
153 0.253125 0.359375 0.134375 0.128125
171 0.8828125 0.5171875 0.2046875 0.171875
156 0.7171875 0.48125 0.1390625 0.15
40 0.38046875 0.55625 0.165625 0.140625
153 0.521875 0.59140625 0.1328125 0.1296875
168 0.875 0.68203125 0.19375 0.1453125
230 0.078125 0.4859375 0.15625 0.1625
171 0.6859375 0.640625 0.1953125 0.165625
156 0.21328125 0.52578125 0.125 0.1359375
40 0.05859375 0.64140625 0.1171875 0.1390625
156 0.6390625 0.79765625 0.1359375 0.153125
230 0.38125 0.73515625 0.1625 0.153125
171 0.79375 0.8390625 0.21875 0.1734375
153 0.51875 0.7734375 0.1234375 0.1375
171 0.1984375 0.69453125 0.2109375 0.1828125
40 0.671875 0.11328125 0.1671875 0.1546875
168 0.48984375 0.078125 0.2046875 0.15625
171 0.93125 0.19609375 0.134375 0.1859375
153 0.1734375 0.0375 0.134375 0.075
168 0.41328125 0.903125 0.196875 0.15625
40 0.0375 0.803125 0.075 0.134375
153 0.25390625 0.8734375 0.1203125 0.11875
171 0.7609375 0.9546875 0.209375 0.0875
156 0.1296875 0.84921875 0.1296875 0.1453125
230 0.58359375 0.9390625 0.1671875 0.11875
156 0.8015625 0.16015625 0.134375 0.153125
230 0.31484375 0.0609375 0.1609375 0.121875