168 0.53046875 0.20703125 0.2046875 0.178125
40 0.69296875 0.13515625 0.1796875 0.1625
153 0.3875 0.28203125 0.14375 0.15
156 0.28125 0.33828125 0.1375 0.15
230 0.05390625 0.459375 0.1078125 0.178125
171 0.16015625 0.39609375 0.2046875 0.1890625
168 0.359375 0.4640625 0.2046875 0.1734375
40 0.52734375 0.3953125 0.165625 0.153125
230 0.08828125 0.59765625 0.1765625 0.1765625
153 0.21875 0.54140625 0.1453125 0.140625
171 0.8125 0.278125 0.2171875 0.19375
156 0.659375 0.35078125 0.153125 0.1609375
40 0.440625 0.61796875 0.175 0.1578125
153 0.57421875 0.55859375 0.1453125 0.1421875
168 0.90234375 0.4125 0.1921875 0.16875
230 0.15546875 0.75078125 0.178125 0.175
171 0.7328125 0.49609375 0.20625 0.1859375
156 0.28984375 0.696875 0.1390625 0.146875
40 0.2203125 0.89609375 0.1703125 0.153125
156 0.79296875 0.64921875 0.1515625 0.1640625
230 0.55078125 0.75859375 0.175 0.16875
171 0.91171875 0.5859375 0.1734375 0.2
153 0.68359375 0.70390625 0.1375 0.146875
171 0.38203125 0.8390625 0.2234375 0.2046875
40 0.39765625 0.0890625 0.1796875 0.171875
168 0.22734375 0.1671875 0.2140625 0.1921875
171 0.6828125 0.0375 0.225 0.075
168 0.6796875 0.87109375 0.20625 0.178125
153 0.5359375 0.93984375 0.13125 0.1171875
171 0.95 0.73515625 0.096875 0.2015625
156 0.42265625 0.96171875 0.1453125 0.0734375
230 0.85 0.81328125 0.1796875 0.178125
156 0.52890625 0.06484375 0.1515625 0.1296875
230 0.0796875 0.25390625 0.159375 0.1734375