40 0.7859375 0.2703125 0.15625 0.1296875
168 0.61171875 0.2578125 0.1859375 0.134375
145 0.92578125 0.29609375 0.1203125 0.11875
230 0.4328125 0.24375 0.153125 0.153125
171 0.25703125 0.2234375 0.1828125 0.146875
156 0.1 0.20625 0.1234375 0.1421875
40 0.4984375 0.3984375 0.1515625 0.1265625
168 0.68359375 0.4265625 0.184375 0.1421875
145 0.20234375 0.37109375 0.115625 0.1296875
230 0.340625 0.3953125 0.15 0.1421875
171 0.8703125 0.465625 0.1859375 0.1390625
156 0.08046875 0.371875 0.1109375 0.128125
40 0.19765625 0.5296875 0.146875 0.11875
168 0.37421875 0.55546875 0.1890625 0.1375
145 0.53359375 0.575 0.1140625 0.115625
230 0.66875 0.6046875 0.15 0.140625
171 0.825 0.6265625 0.18125 0.134375
156 0.05859375 0.5375 0.1171875 0.125
40 0.85234375 0.77421875 0.1546875 0.1296875
168 0.19453125 0.70078125 0.190625 0.121875
145 0.04921875 0.6859375 0.0984375 0.134375
171 0.3859375 0.734375 0.1859375 0.1390625
230 0.5640625 0.7578125 0.15 0.1328125
156 0.70703125 0.77734375 0.1109375 0.1265625
168 0.628125 0.090625 0.196875 0.15
40 0.80703125 0.11640625 0.14375 0.128125
145 0.94375 0.13671875 0.109375 0.1359375
230 0.25234375 0.06484375 0.1515625 0.1296875
168 0.65546875 0.91640625 0.1953125 0.146875
40 0.16171875 0.85703125 0.1578125 0.125
145 0.03515625 0.84921875 0.0703125 0.1265625
171 0.33125 0.8890625 0.184375 0.1453125
171 0.43203125 0.08203125 0.1921875 0.1640625
230 0.48125 0.91015625 0.1453125 0.128125
156 0.809375 0.94140625 0.128125 0.1140625
156 0.11484375 0.0625 0.1140625 0.125