40 0.80078125 0.29140625 0.1625 0.1390625
168 0.628125 0.26640625 0.1921875 0.1453125
145 0.93671875 0.3265625 0.1234375 0.128125
230 0.45078125 0.23984375 0.1609375 0.1609375
171 0.2765625 0.2078125 0.1890625 0.1578125
156 0.121875 0.17890625 0.13125 0.1484375
40 0.50546875 0.3984375 0.1578125 0.1359375
168 0.68828125 0.43984375 0.190625 0.153125
145 0.2125 0.35078125 0.121875 0.1359375
230 0.3484375 0.384375 0.15625 0.1515625
171 0.871875 0.4921875 0.1921875 0.15
156 0.090625 0.34296875 0.11875 0.1328125
40 0.196875 0.50859375 0.1515625 0.1265625
168 0.37109375 0.546875 0.1953125 0.1484375
145 0.528125 0.57734375 0.1203125 0.121875
230 0.6609375 0.61640625 0.15625 0.1484375
171 0.815625 0.64921875 0.1859375 0.14375
156 0.059375 0.50703125 0.11875 0.1296875
40 0.83203125 0.79765625 0.1609375 0.1375
168 0.18125 0.67890625 0.196875 0.1328125
145 0.0453125 0.653125 0.090625 0.140625
171 0.3703125 0.7265625 0.1921875 0.15
230 0.54609375 0.76171875 0.1578125 0.140625
156 0.68671875 0.79140625 0.1171875 0.1328125
168 0.65625 0.10078125 0.203125 0.1609375
40 0.8328125 0.1390625 0.15 0.1359375
145 0.9546875 0.16875 0.0875 0.140625
230 0.284375 0.05859375 0.159375 0.1171875
168 0.62734375 0.92265625 0.2046875 0.1515625
40 0.1375 0.83203125 0.1640625 0.134375
145 0.025 0.81484375 0.05 0.1328125
171 0.30390625 0.8765625 0.1921875 0.15625
171 0.4609375 0.08203125 0.2 0.1640625
230 0.45234375 0.9078125 0.1515625 0.1359375
156 0.77734375 0.95 0.1359375 0.096875
156 0.14765625 0.05078125 0.1234375 0.1015625