40 0.82734375 0.33515625 0.171875 0.153125
168 0.659375 0.28671875 0.2015625 0.1640625
145 0.94375 0.3890625 0.109375 0.1375
230 0.4875 0.23515625 0.175 0.175
171 0.31953125 0.17890625 0.2 0.1765625
156 0.16953125 0.1296875 0.1453125 0.1578125
40 0.51953125 0.4 0.16875 0.15
168 0.6953125 0.46640625 0.2015625 0.171875
145 0.2359375 0.3125 0.134375 0.1453125
230 0.365625 0.36484375 0.16875 0.1640625
171 0.86953125 0.54375 0.2015625 0.16875
156 0.11640625 0.2875 0.1296875 0.1421875
40 0.1984375 0.46640625 0.1609375 0.140625
168 0.365625 0.528125 0.2046875 0.1671875
145 0.5171875 0.58046875 0.13125 0.1328125
230 0.64375 0.6375 0.16875 0.1625
171 0.7921875 0.69140625 0.1953125 0.1625
156 0.0640625 0.44375 0.128125 0.140625
40 0.7875 0.84140625 0.1703125 0.153125
168 0.159375 0.6328125 0.203125 0.153125
145 0.03984375 0.58515625 0.0796875 0.1515625
171 0.33984375 0.70625 0.203125 0.16875
230 0.509375 0.765625 0.1671875 0.1546875
156 0.64453125 0.8140625 0.1296875 0.140625
168 0.71015625 0.1265625 0.2140625 0.18125
40 0.8796875 0.1890625 0.1609375 0.15
145 0.971875 0.2375 0.053125 0.15
230 0.35078125 0.04921875 0.1734375 0.0984375
168 0.56640625 0.92421875 0.2140625 0.1484375
40 0.0953125 0.77890625 0.1734375 0.15
171 0.25390625 0.8453125 0.203125 0.175
171 0.52109375 0.08671875 0.2140625 0.1734375
230 0.39609375 0.896875 0.1625 0.15
156 0.70859375 0.96484375 0.1484375 0.0671875
156 0.21640625 0.03046875 0.1390625 0.0609375