168 0.12734375 0.190625 0.1828125 0.153125
40 0.71015625 0.26796875 0.1453125 0.1359375
153 0.44453125 0.23671875 0.109375 0.11875
156 0.565625 0.259375 0.11875 0.1453125
230 0.30546875 0.22890625 0.1515625 0.1578125
171 0.88828125 0.3046875 0.1921875 0.165625
168 0.4234375 0.39296875 0.20625 0.1421875
40 0.61953125 0.41953125 0.1765625 0.1421875
153 0.90234375 0.459375 0.1140625 0.1265625
171 0.1109375 0.3671875 0.1859375 0.1640625
230 0.7671875 0.44921875 0.1390625 0.146875
156 0.265625 0.39453125 0.109375 0.1375
40 0.42421875 0.5578125 0.153125 0.1203125
168 0.5984375 0.58125 0.19375 0.1375
153 0.76171875 0.60546875 0.1140625 0.115625
230 0.2625 0.5546875 0.1546875 0.1359375
171 0.0875 0.53671875 0.175 0.1453125
156 0.88828125 0.6375 0.1171875 0.1328125
153 0.2234375 0.70390625 0.1234375 0.128125
40 0.36796875 0.721875 0.153125 0.134375
168 0.15078125 0.0546875 0.1921875 0.109375
168 0.546875 0.74609375 0.190625 0.1296875
230 0.85078125 0.78984375 0.1546875 0.1484375
171 0.08046875 0.7 0.1609375 0.15625
156 0.70859375 0.7796875 0.115625 0.1359375
153 0.58984375 0.0859375 0.1078125 0.134375
40 0.3234375 0.0671875 0.159375 0.134375
230 0.73359375 0.115625 0.1546875 0.15
168 0.2046875 0.8671875 0.1859375 0.1328125
40 0.05234375 0.84609375 0.1046875 0.1359375
153 0.365625 0.88828125 0.1359375 0.1359375
171 0.52265625 0.91640625 0.1859375 0.1515625
230 0.82890625 0.9375 0.1578125 0.121875
156 0.4625 0.084375 0.1125 0.15
156 0.68515625 0.93828125 0.1203125 0.1203125
171 0.91015625 0.1453125 0.1765625 0.1625