168 0.21328125 0.109375 0.2046875 0.184375
40 0.76015625 0.32578125 0.165625 0.159375
153 0.509375 0.23125 0.1296875 0.1359375
156 0.621875 0.28203125 0.1453125 0.1625
230 0.37734375 0.18984375 0.1765625 0.18125
171 0.90703125 0.4046875 0.1828125 0.2
168 0.4515625 0.37734375 0.2234375 0.18125
40 0.63515625 0.45078125 0.1953125 0.1734375
153 0.9 0.55859375 0.1359375 0.14375
171 0.1546875 0.27734375 0.209375 0.1953125
230 0.771875 0.515625 0.1640625 0.1671875
156 0.2984375 0.34140625 0.134375 0.1515625
40 0.4125 0.5375 0.16875 0.1484375
168 0.57578125 0.603125 0.2109375 0.1734375
153 0.728125 0.665625 0.1328125 0.1328125
230 0.25625 0.4953125 0.175 0.1625
171 0.09453125 0.4359375 0.1890625 0.178125
156 0.84375 0.72734375 0.140625 0.15
153 0.18203125 0.63046875 0.1453125 0.146875
40 0.31875 0.6828125 0.171875 0.159375
168 0.275 0.028125 0.215625 0.05625
168 0.4859375 0.75 0.2046875 0.165625
230 0.7703125 0.865625 0.1765625 0.1734375
171 0.06796875 0.5890625 0.1359375 0.190625
156 0.63515625 0.821875 0.1390625 0.1515625
153 0.6875 0.1203125 0.1328125 0.15
40 0.4359375 0.059375 0.184375 0.11875
230 0.81953125 0.18359375 0.178125 0.175
168 0.12421875 0.78515625 0.203125 0.1671875
40 0.021875 0.72109375 0.04375 0.1609375
153 0.27578125 0.84375 0.1578125 0.1578125
171 0.42265625 0.9078125 0.2078125 0.18125
230 0.71015625 0.9640625 0.1828125 0.06875
156 0.56484375 0.08828125 0.140625 0.1640625
156 0.571875 0.94921875 0.14375 0.0984375
171 0.94140625 0.2546875 0.1140625 0.19375