168 0.0609375 0.47734375 0.121875 0.2015625
40 0.528125 0.1875 0.1734375 0.1703125
153 0.296875 0.3234375 0.1375 0.1421875
156 0.4078125 0.26796875 0.1578125 0.16875
230 0.18203125 0.40078125 0.1875 0.190625
171 0.6921875 0.11015625 0.225 0.2140625
168 0.37421875 0.4609375 0.2265625 0.2
40 0.546875 0.3640625 0.2015625 0.1875
153 0.796875 0.22578125 0.1453125 0.15
171 0.109375 0.628125 0.21875 0.209375
230 0.68359375 0.2984375 0.1734375 0.1765625
156 0.25 0.55703125 0.1453125 0.15625
40 0.47421875 0.59140625 0.175 0.1609375
168 0.628125 0.50546875 0.2140625 0.190625
153 0.77265625 0.4265625 0.140625 0.140625
230 0.34296875 0.6859375 0.1828125 0.175
171 0.1890625 0.78046875 0.2078125 0.1921875
156 0.89296875 0.37578125 0.15 0.15625
153 0.4015625 0.8296875 0.153125 0.1546875
40 0.528125 0.75625 0.1796875 0.171875
168 0.02421875 0.3328125 0.0484375 0.2125
168 0.68515625 0.66796875 0.2078125 0.1828125
230 0.9296875 0.52109375 0.1375 0.1859375
171 0.27109375 0.90859375 0.2234375 0.1796875
156 0.83515625 0.59765625 0.15 0.1578125
153 0.32265625 0.11484375 0.14375 0.1546875
40 0.0953125 0.253125 0.190625 0.190625
230 0.45546875 0.0734375 0.1890625 0.146875
168 0.48515625 0.93828125 0.2078125 0.1203125
153 0.6265625 0.890625 0.1671875 0.1671875
171 0.76875 0.81875 0.2140625 0.1984375
230 0.96875 0.665625 0.059375 0.19375
156 0.2203125 0.190625 0.153125 0.16875
156 0.91640625 0.74609375 0.153125 0.1609375
171 0.615625 0.0359375 0.2125 0.071875