168 0.22421875 0.12578125 0.2109375 0.1859375
40 0.81796875 0.39140625 0.1734375 0.1625
153 0.6796875 0.33203125 0.1578125 0.1578125
230 0.9375 0.46796875 0.121875 0.1828125
156 0.36953125 0.2046875 0.15625 0.165625
171 0.5171875 0.2734375 0.2296875 0.1921875
168 0.83828125 0.21171875 0.2125 0.1859375
153 0.56328125 0.09375 0.1359375 0.1421875
171 0.95703125 0.30078125 0.0828125 0.2015625
40 0.2765625 0.02890625 0.18125 0.0578125
230 0.42578125 0.06640625 0.1953125 0.1328125
156 0.678125 0.1578125 0.165625 0.1703125