185 0.66015625 0.27578125 0.178125 0.15
170 0.4890625 0.23515625 0.196875 0.153125
155 0.79375 0.325 0.1265625 0.1359375
1 0.92421875 0.36953125 0.1484375 0.1609375
147 0.33359375 0.21015625 0.13125 0.1375
162 0.17109375 0.1671875 0.2015625 0.18125
170 0.75703125 0.47578125 0.190625 0.153125
155 0.9109375 0.51875 0.140625 0.1296875
185 0.303125 0.35625 0.165625 0.15
1 0.5828125 0.440625 0.165625 0.165625
147 0.44140625 0.40859375 0.1515625 0.146875
162 0.13359375 0.32734375 0.19375 0.1640625
170 0.55703125 0.58984375 0.2 0.1609375
185 0.84921875 0.671875 0.165625 0.1390625
155 0.24453125 0.5171875 0.134375 0.13125
162 0.0953125 0.48203125 0.190625 0.1796875
1 0.37890625 0.559375 0.15625 0.15
147 0.7109375 0.6484375 0.128125 0.1359375
185 0.22421875 0.6703125 0.1609375 0.1546875
170 0.075 0.628125 0.15 0.15625
155 0.66875 0.79765625 0.1296875 0.1375
1 0.80546875 0.83671875 0.165625 0.171875
162 0.390625 0.72734375 0.203125 0.175
147 0.5453125 0.77421875 0.13125 0.1453125
185 0.203125 0.03046875 0.159375 0.0609375
170 0.3765625 0.06171875 0.20625 0.1234375
185 0.303125 0.8625 0.1609375 0.146875
170 0.05390625 0.78359375 0.1078125 0.1578125
162 0.68671875 0.1265625 0.215625 0.1859375
155 0.96328125 0.209375 0.0703125 0.146875
155 0.78515625 0.965625 0.1296875 0.065625
1 0.64765625 0.94375 0.1609375 0.109375
162 0.4765625 0.9140625 0.20625 0.16875
147 0.16328125 0.840625 0.1375 0.146875
1 0.85390625 0.17421875 0.1609375 0.159375
147 0.53046875 0.0890625 0.1265625 0.1421875