185 0.5265625 0.22578125 0.178125 0.15
170 0.35859375 0.27578125 0.196875 0.153125
155 0.66640625 0.2015625 0.1265625 0.1359375
1 0.80859375 0.1703125 0.1640625 0.159375
147 0.2109375 0.33203125 0.13125 0.1375
162 0.075 0.37578125 0.15 0.1828125
170 0.7109375 0.35078125 0.190625 0.153125
155 0.86484375 0.3109375 0.140625 0.1296875
185 0.2578125 0.47421875 0.165625 0.15
1 0.5421875 0.40703125 0.165625 0.165625
147 0.403125 0.45 0.1515625 0.146875
162 0.096875 0.53359375 0.19375 0.1640625
170 0.59375 0.54921875 0.2 0.1609375
185 0.88828125 0.47421875 0.165625 0.1390625
155 0.2875 0.64296875 0.134375 0.13125
162 0.1375 0.6875 0.1953125 0.178125
1 0.425 0.6125 0.15625 0.15
147 0.75703125 0.5234375 0.128125 0.1359375
185 0.34609375 0.78515625 0.1609375 0.1546875
170 0.175 0.83515625 0.1953125 0.1546875
155 0.79453125 0.6734375 0.1296875 0.1375
1 0.92421875 0.63984375 0.1484375 0.1734375
162 0.51875 0.7515625 0.203125 0.175
147 0.6765625 0.71484375 0.13125 0.1453125
185 0.03359375 0.20625 0.0671875 0.14375
170 0.1609375 0.1609375 0.2046875 0.1703125
185 0.5109375 0.91171875 0.1609375 0.146875
170 0.21328125 0.95546875 0.2015625 0.0859375
162 0.47578125 0.08828125 0.2171875 0.1765625
155 0.78203125 0.0375 0.1296875 0.075
155 0.96484375 0.790625 0.0671875 0.134375
1 0.8609375 0.83125 0.159375 0.15625
162 0.690625 0.878125 0.2046875 0.184375
147 0.37890625 0.94375 0.1390625 0.109375
1 0.64375 0.0609375 0.1625 0.121875
147 0.32109375 0.12890625 0.1265625 0.1421875