185 0.57890625 0.2359375 0.1609375 0.125
170 0.40390625 0.253125 0.18125 0.1234375
155 0.7203125 0.23828125 0.1078125 0.1203125
1 0.86640625 0.23515625 0.14375 0.1375
147 0.2484375 0.28046875 0.1125 0.1203125
162 0.0859375 0.29296875 0.171875 0.1546875
170 0.73515625 0.39375 0.1734375 0.125
155 0.89453125 0.38359375 0.125 0.1109375
185 0.2671875 0.42890625 0.1484375 0.128125
1 0.559375 0.41640625 0.14375 0.14375
147 0.41484375 0.43203125 0.1328125 0.128125
162 0.09765625 0.45625 0.175 0.1375
170 0.5828125 0.56640625 0.184375 0.13125
185 0.88671875 0.54921875 0.15 0.115625
155 0.2640625 0.59921875 0.11875 0.1140625
162 0.10859375 0.61484375 0.1734375 0.1515625
1 0.4046875 0.59609375 0.1375 0.1296875
147 0.74765625 0.571875 0.109375 0.1203125
185 0.29453125 0.75078125 0.140625 0.1328125
170 0.1171875 0.7671875 0.1796875 0.125
155 0.75625 0.7265625 0.1109375 0.1203125
1 0.8984375 0.71875 0.1421875 0.1515625
162 0.4703125 0.75 0.184375 0.1453125
147 0.63203125 0.74453125 0.1109375 0.1296875
185 0.06171875 0.1140625 0.1234375 0.121875
170 0.23203125 0.10234375 0.1859375 0.140625
185 0.43203125 0.90625 0.1421875 0.125
170 0.125 0.928125 0.1828125 0.1265625
162 0.5546875 0.0859375 0.1953125 0.1546875
155 0.871875 0.065625 0.109375 0.13125
155 0.93125 0.88046875 0.1109375 0.115625
1 0.79140625 0.89375 0.1390625 0.1359375
162 0.61484375 0.9078125 0.1828125 0.15625
147 0.29296875 0.93203125 0.1171875 0.13125
1 0.72890625 0.0765625 0.1421875 0.1375
147 0.3953125 0.1015625 0.1078125 0.128125