185 0.553125 0.1921875 0.175 0.165625
170 0.39765625 0.27421875 0.209375 0.18125
155 0.25 0.35234375 0.1390625 0.1390625
162 0.72109375 0.1171875 0.2375 0.23125
1 0.05703125 0.47734375 0.1140625 0.1890625
147 0.14765625 0.41796875 0.146875 0.1515625
185 0.378125 0.4671875 0.1625 0.1515625
162 0.64765625 0.3359375 0.234375 0.2140625
155 0.50703125 0.41015625 0.15 0.1546875
170 0.246875 0.54296875 0.1921875 0.1640625
147 0.8078125 0.2703125 0.146875 0.1546875
1 0.0921875 0.6375 0.18125 0.178125
185 0.5953125 0.54765625 0.1765625 0.1640625
155 0.28984375 0.70546875 0.1421875 0.1453125
162 0.43359375 0.64140625 0.225 0.2078125
1 0.171875 0.778125 0.18125 0.184375
170 0.759375 0.47890625 0.2140625 0.19375
147 0.90859375 0.40546875 0.153125 0.1625
155 0.6515625 0.703125 0.1609375 0.1734375
185 0.2390625 0.915625 0.171875 0.1609375
170 0.51015625 0.78046875 0.196875 0.16875
162 0.91796875 0.56328125 0.1609375 0.2015625
1 0.79453125 0.65 0.1875 0.18125
147 0.37109375 0.86796875 0.1515625 0.15625
170 0.4984375 0.06796875 0.21875 0.1359375
185 0.66328125 0.0234375 0.1921875 0.046875
155 0.3515625 0.1171875 0.140625 0.15
170 0.95703125 0.703125 0.0828125 0.175
155 0.87265625 0.78515625 0.1546875 0.159375
147 0.765625 0.8421875 0.1453125 0.1578125
162 0.47578125 0.946875 0.2203125 0.103125
1 0.64140625 0.9109375 0.1828125 0.175
162 0.10625 0.24921875 0.2125 0.2109375
147 0.24140625 0.178125 0.1390625 0.1515625