185 0.76953125 0.34296875 0.171875 0.1609375
170 0.60703125 0.2765625 0.20625 0.1734375
155 0.453125 0.21328125 0.1359375 0.1359375
162 0.90859375 0.42421875 0.1796875 0.2265625
1 0.20859375 0.1171875 0.18125 0.1828125
147 0.33671875 0.17734375 0.1421875 0.146875
185 0.446875 0.3859375 0.159375 0.1453125
162 0.7203125 0.5078125 0.23125 0.20625
155 0.5734375 0.446875 0.1453125 0.1515625
170 0.30390625 0.33359375 0.190625 0.1578125
147 0.87421875 0.58828125 0.1421875 0.1515625
1 0.1328125 0.27578125 0.178125 0.1734375
185 0.525 0.60390625 0.1734375 0.159375
155 0.2078125 0.47109375 0.1375 0.1421875
162 0.34921875 0.53984375 0.221875 0.2
1 0.0828125 0.428125 0.165625 0.18125
170 0.6828125 0.68515625 0.2109375 0.1875
147 0.83515625 0.75234375 0.146875 0.159375
155 0.4421875 0.746875 0.15625 0.1703125
185 0.05 0.56875 0.1 0.15625
170 0.2921875 0.68828125 0.19375 0.1609375
162 0.73984375 0.88359375 0.215625 0.19375
1 0.575 0.821875 0.1828125 0.175
147 0.13515625 0.63828125 0.146875 0.153125
170 0.85234375 0.20234375 0.2140625 0.184375
185 0.96328125 0.27578125 0.0703125 0.1765625
155 0.69765625 0.13984375 0.1359375 0.146875
170 0.67890625 0.971875 0.2046875 0.053125
155 0.521875 0.94453125 0.153125 0.1078125
147 0.40859375 0.921875 0.1421875 0.153125
162 0.10625 0.80078125 0.2125 0.1953125
1 0.27421875 0.87421875 0.178125 0.1734375
162 0.434375 0.06640625 0.225 0.1328125
147 0.58046875 0.0953125 0.134375 0.1484375
1 0.26640625 0.02734375 0.1796875 0.0546875