185 0.68671875 0.25 0.1375 0.115625
170 0.5109375 0.25234375 0.1765625 0.1125
155 0.34453125 0.2546875 0.103125 0.103125
162 0.87109375 0.259375 0.18125 0.1671875
1 0.08203125 0.26171875 0.1375 0.140625
147 0.2234375 0.2671875 0.10625 0.115625
185 0.40625 0.415625 0.128125 0.103125
162 0.70625 0.42109375 0.190625 0.14375
155 0.546875 0.42265625 0.109375 0.11875
170 0.2546875 0.4234375 0.1625 0.1015625
147 0.87890625 0.43515625 0.103125 0.121875
1 0.07421875 0.4375 0.1375 0.128125
185 0.56328125 0.5859375 0.140625 0.1125
155 0.21953125 0.5875 0.103125 0.109375
162 0.3765625 0.59609375 0.18125 0.140625
1 0.08125 0.5984375 0.134375 0.1375
170 0.740625 0.59921875 0.175 0.128125
147 0.90703125 0.6015625 0.10625 0.128125
155 0.54296875 0.75 0.1109375 0.1375
185 0.07890625 0.75234375 0.1375 0.109375
170 0.38203125 0.7546875 0.1671875 0.103125
162 0.8703125 0.759375 0.1765625 0.134375
1 0.69453125 0.7671875 0.14375 0.128125
147 0.21796875 0.76953125 0.1078125 0.121875
170 0.7078125 0.08828125 0.1796875 0.125
185 0.89296875 0.0890625 0.15 0.125
155 0.54140625 0.09140625 0.096875 0.11875
170 0.8703125 0.91640625 0.1765625 0.10625
185 0.07578125 0.91875 0.134375 0.1
155 0.70234375 0.9234375 0.1125 0.121875
147 0.58125 0.92578125 0.1 0.1265625
162 0.253125 0.93125 0.178125 0.134375
1 0.43828125 0.9328125 0.1375 0.128125
162 0.25546875 0.09375 0.18125 0.1421875
147 0.415625 0.09609375 0.09375 0.121875
1 0.075 0.09921875 0.1359375 0.134375