185 0.8328125 0.1765625 0.1671875 0.153125
170 0.1828125 0.303125 0.196875 0.1484375
155 0.04140625 0.3328125 0.0828125 0.121875
1 0.3640625 0.27890625 0.1609375 0.1625
162 0.6625 0.2328125 0.203125 0.18125
147 0.503125 0.2625 0.128125 0.153125
170 0.68828125 0.38203125 0.184375 0.1296875
155 0.3359375 0.446875 0.13125 0.153125
185 0.19375 0.475 0.1578125 0.1453125
162 0.4984375 0.42421875 0.1921875 0.1609375
147 0.05859375 0.5078125 0.1171875 0.159375
1 0.8734375 0.36640625 0.1765625 0.1484375
185 0.415625 0.59609375 0.15625 0.1484375
170 0.7203125 0.54765625 0.19375 0.1515625
155 0.559375 0.5796875 0.125 0.1375
162 0.2453125 0.6359375 0.1984375 0.175
1 0.896875 0.52890625 0.1671875 0.153125
147 0.08984375 0.67265625 0.1328125 0.15
185 0.91875 0.678125 0.159375 0.165625
170 0.26953125 0.796875 0.2078125 0.1453125
155 0.7828125 0.7078125 0.11875 0.13125
162 0.62890625 0.7359375 0.2 0.1703125
1 0.45078125 0.76875 0.1625 0.15625
147 0.11328125 0.834375 0.121875 0.14375
170 0.66640625 0.06640625 0.2046875 0.1328125
155 0.02578125 0.165625 0.0515625 0.125
170 0.17109375 0.94765625 0.1921875 0.1015625
185 0.93125 0.84140625 0.134375 0.1578125
185 0.4921875 0.0875 0.1515625 0.15
155 0.33046875 0.9453125 0.1390625 0.10625
162 0.65546875 0.9015625 0.19375 0.1515625
1 0.47578125 0.93046875 0.1546875 0.1359375
147 0.8171875 0.8765625 0.1171875 0.140625
1 0.13984375 0.15078125 0.153125 0.15625
162 0.31484375 0.1203125 0.2125 0.18125
147 0.83515625 0.05390625 0.1328125 0.1078125