185 0.859375 0.20625 0.1578125 0.140625
170 0.2015625 0.27578125 0.1890625 0.134375
155 0.04765625 0.29140625 0.0953125 0.1140625
1 0.384375 0.26796875 0.15 0.1515625
162 0.68515625 0.24765625 0.1921875 0.1671875
147 0.52421875 0.26328125 0.1171875 0.1453125
170 0.6984375 0.3984375 0.178125 0.115625
155 0.34140625 0.4328125 0.1203125 0.1453125
185 0.19765625 0.44765625 0.15 0.134375
162 0.50546875 0.42421875 0.1828125 0.1484375
147 0.05625 0.46796875 0.109375 0.1515625
1 0.88359375 0.4 0.1671875 0.1359375
185 0.40703125 0.58828125 0.146875 0.1375
170 0.71484375 0.56640625 0.184375 0.1375
155 0.55234375 0.58515625 0.115625 0.1296875
162 0.234375 0.61328125 0.1875 0.1609375
1 0.89296875 0.56328125 0.1578125 0.140625
147 0.0765625 0.63671875 0.1234375 0.140625
185 0.9078125 0.71484375 0.1609375 0.153125
170 0.2453125 0.77578125 0.2 0.1296875
155 0.76328125 0.73203125 0.109375 0.125
162 0.6078125 0.74609375 0.190625 0.15625
1 0.42734375 0.76328125 0.153125 0.146875
147 0.08515625 0.79921875 0.1125 0.1359375
170 0.70546875 0.07109375 0.1953125 0.1421875
155 0.0390625 0.1234375 0.078125 0.11875
170 0.13125 0.9359375 0.184375 0.125
185 0.9171875 0.88046875 0.1625 0.1453125
185 0.528125 0.08828125 0.1421875 0.140625
155 0.290625 0.9390625 0.13125 0.11875
162 0.6203125 0.9140625 0.184375 0.1375
1 0.43828125 0.93125 0.1453125 0.134375
147 0.7828125 0.90234375 0.1078125 0.1328125
1 0.171875 0.12109375 0.14375 0.146875
162 0.3484375 0.10546875 0.2015625 0.165625
147 0.87421875 0.0671875 0.1234375 0.134375