185 0.86953125 0.21953125 0.1546875 0.1359375
170 0.209375 0.265625 0.184375 0.128125
155 0.05078125 0.27578125 0.1015625 0.1109375
1 0.3921875 0.2640625 0.1453125 0.1484375
162 0.69375 0.2546875 0.1859375 0.1609375
147 0.53203125 0.2640625 0.1125 0.1421875
170 0.7015625 0.40546875 0.175 0.1109375
155 0.34375 0.42734375 0.115625 0.1421875
185 0.19921875 0.4375 0.1453125 0.1296875
162 0.5078125 0.42421875 0.178125 0.1421875
147 0.0578125 0.453125 0.1046875 0.1484375
1 0.88671875 0.41328125 0.1625 0.13125
185 0.4046875 0.58515625 0.14375 0.1328125
170 0.7125 0.57421875 0.1796875 0.1328125
155 0.54921875 0.58671875 0.1125 0.1265625
162 0.23046875 0.60390625 0.1828125 0.1546875
1 0.890625 0.57734375 0.1546875 0.1359375
147 0.071875 0.621875 0.11875 0.1375
185 0.9 0.72890625 0.1578125 0.1484375
170 0.23515625 0.76640625 0.196875 0.1234375
155 0.75546875 0.740625 0.10625 0.121875
162 0.59921875 0.75 0.1859375 0.15
1 0.41796875 0.7609375 0.1484375 0.1421875
147 0.075 0.784375 0.1078125 0.1328125
170 0.7203125 0.07265625 0.190625 0.1453125
155 0.0453125 0.10625 0.090625 0.115625
170 0.11484375 0.93125 0.1796875 0.134375
185 0.90625 0.89375 0.1609375 0.1390625
185 0.54296875 0.0890625 0.1375 0.1359375
155 0.275 0.934375 0.1265625 0.11875
162 0.60546875 0.91796875 0.1796875 0.1328125
1 0.4234375 0.92890625 0.140625 0.1296875
147 0.76875 0.9125 0.1046875 0.1296875
1 0.18515625 0.109375 0.1390625 0.1421875
162 0.3625 0.10078125 0.196875 0.159375
147 0.88828125 0.0765625 0.1171875 0.1359375