185 0.690625 0.234375 0.15 0.134375
170 0.87578125 0.2234375 0.1796875 0.1421875
155 0.05234375 0.3171875 0.1046875 0.14375
162 0.2140625 0.30234375 0.190625 0.1578125
1 0.39765625 0.2828125 0.153125 0.153125
147 0.5484375 0.27109375 0.1296875 0.153125
185 0.20859375 0.4671875 0.1546875 0.146875
162 0.73359375 0.41171875 0.190625 0.1546875
155 0.0625 0.484375 0.125 0.134375
147 0.90078125 0.39921875 0.1234375 0.1390625
170 0.39375 0.45390625 0.190625 0.14375
1 0.55390625 0.4390625 0.15 0.1453125
185 0.44921875 0.0828125 0.15625 0.15
170 0.07890625 0.12890625 0.1578125 0.1484375
155 0.73203125 0.06640625 0.1140625 0.1328125
1 0.87890625 0.0671875 0.1546875 0.134375
162 0.27265625 0.12109375 0.2046875 0.16875
147 0.6 0.08984375 0.1125 0.140625