185 0.79765625 0.36484375 0.175 0.165625
170 0.9296875 0.4484375 0.1375 0.184375
155 0.1953125 0.1125 0.1546875 0.165625
162 0.35078125 0.1859375 0.21875 0.2
1 0.5203125 0.2609375 0.184375 0.184375
147 0.65625 0.32578125 0.1625 0.1765625
185 0.2640625 0.32578125 0.1828125 0.178125
162 0.74609375 0.540625 0.2171875 0.196875
155 0.12734375 0.26640625 0.153125 0.1578125
147 0.89765625 0.61328125 0.153125 0.1625
170 0.43125 0.40703125 0.2140625 0.1875
1 0.57734375 0.47421875 0.1796875 0.1765625
185 0.66484375 0.11328125 0.184375 0.18125
170 0.3046875 0.02734375 0.221875 0.0546875
155 0.91875 0.23984375 0.1421875 0.153125
1 0.978125 0.30390625 0.040625 0.1890625
162 0.49296875 0.0828125 0.2359375 0.165625
147 0.79140625 0.19453125 0.1453125 0.1609375