185 0.76953125 0.315625 0.1625 0.15
170 0.92421875 0.36953125 0.1484375 0.1640625
155 0.1328125 0.17109375 0.1390625 0.1546875
162 0.2984375 0.21640625 0.2046875 0.178125
1 0.478125 0.2609375 0.16875 0.16875
147 0.6234375 0.3015625 0.146875 0.165625
185 0.23671875 0.36953125 0.16875 0.1625
162 0.74921875 0.496875 0.2046875 0.1765625
155 0.09296875 0.33515625 0.1390625 0.1453125
147 0.91171875 0.5421875 0.1390625 0.1515625
170 0.415625 0.4203125 0.2046875 0.165625
1 0.571875 0.46171875 0.165625 0.1609375
185 0.59453125 0.090625 0.1703125 0.165625
170 0.21328125 0.04296875 0.2109375 0.0859375
155 0.8671875 0.17109375 0.128125 0.14375
1 0.9609375 0.2109375 0.075 0.175
162 0.415625 0.08125 0.221875 0.1625
147 0.734375 0.1484375 0.128125 0.1515625