164 0.34296875 0.178125 0.2140625 0.2
2 0.17421875 0.12265625 0.16875 0.16875
3 0.92734375 0.390625 0.1421875 0.16875
163 0.5296875 0.24921875 0.2171875 0.1921875
149 0.6828125 0.303125 0.13125 0.1484375
148 0.80546875 0.34765625 0.14375 0.1578125
148 0.2546875 0.3265625 0.1390625 0.1578125
164 0.525 0.41953125 0.20625 0.18125
149 0.378125 0.3703125 0.1546875 0.1609375
3 0.696875 0.48125 0.171875 0.1671875
2 0.12421875 0.28515625 0.16875 0.1671875
163 0.86640625 0.53984375 0.20625 0.1859375
148 0.66015625 0.64140625 0.1453125 0.15625
3 0.5265625 0.59609375 0.1640625 0.159375
2 0.07421875 0.4375 0.1484375 0.159375
149 0.1984375 0.48515625 0.146875 0.1625
163 0.35390625 0.5390625 0.2140625 0.1890625
164 0.8171875 0.69921875 0.209375 0.1796875
163 0.6421875 0.8046875 0.2109375 0.1828125
164 0.1859375 0.64921875 0.2015625 0.178125
2 0.04765625 0.59296875 0.0953125 0.1578125
148 0.7953125 0.86328125 0.1328125 0.15
3 0.3546875 0.71328125 0.1625 0.1625
149 0.4859375 0.75859375 0.1359375 0.1484375
163 0.51640625 0.075 0.2140625 0.15
2 0.95625 0.23125 0.084375 0.178125
164 0.828125 0.17421875 0.209375 0.190625
148 0.215625 0.021875 0.1375 0.04375
149 0.6734375 0.12265625 0.1390625 0.1546875
3 0.34765625 0.05078125 0.1765625 0.1015625
2 0.73046875 0.9609375 0.1765625 0.075
163 0.13125 0.80703125 0.2109375 0.1890625
149 0.284375 0.86171875 0.1453125 0.1671875
148 0.40625 0.90625 0.1375 0.1546875
164 0.55546875 0.93203125 0.2109375 0.1328125
3 0.02578125 0.75546875 0.0515625 0.1828125