164 0.2421875 0.2515625 0.1765625 0.1546875
2 0.06640625 0.25703125 0.1328125 0.1359375
3 0.8765625 0.24609375 0.1375 0.13125
163 0.44140625 0.25390625 0.1828125 0.1453125
149 0.60390625 0.253125 0.0984375 0.125
148 0.73515625 0.25234375 0.109375 0.1328125
148 0.21015625 0.4203125 0.1046875 0.134375
164 0.49609375 0.415625 0.175 0.134375
149 0.34140625 0.4203125 0.1203125 0.13125
3 0.678125 0.41484375 0.1390625 0.1328125
2 0.0734375 0.4265625 0.134375 0.1328125
163 0.8578125 0.4125 0.1734375 0.140625
148 0.69921875 0.578125 0.1109375 0.1296875
3 0.5578125 0.58125 0.134375 0.125
2 0.06953125 0.58984375 0.1328125 0.125
149 0.21171875 0.5890625 0.1109375 0.1359375
163 0.37578125 0.58671875 0.18125 0.1421875
164 0.86640625 0.57890625 0.178125 0.1328125
163 0.7375 0.73828125 0.1796875 0.134375
164 0.25546875 0.74765625 0.1703125 0.1328125
2 0.07421875 0.75390625 0.13125 0.1234375
148 0.9015625 0.740625 0.0984375 0.1265625
3 0.43671875 0.75 0.1296875 0.1296875
149 0.57578125 0.74765625 0.103125 0.125
163 0.36484375 0.08046875 0.1828125 0.13125
2 0.878125 0.075 0.1328125 0.14375
164 0.696875 0.08203125 0.1765625 0.14375
148 0.05 0.09453125 0.1 0.1359375
149 0.534375 0.0859375 0.1046875 0.1296875
3 0.190625 0.09453125 0.140625 0.140625
2 0.890625 0.8984375 0.1421875 0.1328125
163 0.25859375 0.9140625 0.178125 0.1421875
149 0.42109375 0.9140625 0.1078125 0.14375
148 0.55078125 0.9140625 0.1015625 0.13125
164 0.70859375 0.91171875 0.1765625 0.140625
3 0.08125 0.9234375 0.140625 0.146875