164 0.4015625 0.15625 0.225 0.2171875
2 0.24453125 0.08203125 0.1828125 0.1640625
3 0.93046875 0.46875 0.1359375 0.18125
163 0.57265625 0.2578125 0.2265625 0.2109375
149 0.7140625 0.33828125 0.1453125 0.1546875
148 0.82734375 0.40234375 0.15625 0.165625
148 0.2890625 0.28671875 0.153125 0.165625
164 0.5390625 0.425 0.215625 0.2
149 0.403125 0.3515625 0.1671875 0.1703125
3 0.696875 0.515625 0.1828125 0.1796875
2 0.16796875 0.22265625 0.1796875 0.178125
163 0.85390625 0.603125 0.215625 0.203125
148 0.63359375 0.6671875 0.1578125 0.165625
3 0.509375 0.59921875 0.175 0.171875
2 0.08515625 0.3625 0.1703125 0.171875
149 0.20546875 0.43359375 0.1609375 0.1703125
163 0.34921875 0.5125 0.2234375 0.2078125
164 0.778125 0.7515625 0.2171875 0.1984375
163 0.58671875 0.825 0.2203125 0.2015625
164 0.16484375 0.5921875 0.2109375 0.1953125
2 0.0453125 0.50703125 0.090625 0.1703125
148 0.72734375 0.909375 0.1453125 0.15625
3 0.31953125 0.68515625 0.1734375 0.1734375
149 0.44140625 0.75234375 0.1484375 0.15625
163 0.5921875 0.08515625 0.221875 0.1703125
2 0.9734375 0.32109375 0.05 0.1890625
164 0.8796875 0.2359375 0.2203125 0.2078125
149 0.73671875 0.15859375 0.1515625 0.1609375
3 0.43515625 0.04453125 0.1890625 0.0890625
2 0.6390625 0.97421875 0.1875 0.0484375
163 0.09765625 0.73828125 0.1953125 0.2078125
149 0.225 0.81875 0.159375 0.175
148 0.3375 0.884375 0.15 0.1625
164 0.47578125 0.928125 0.2203125 0.140625