2 0.534375 0.22890625 0.1546875 0.140625
163 0.71328125 0.20390625 0.178125 0.153125
3 0.178125 0.28203125 0.146875 0.1390625
149 0.0484375 0.303125 0.096875 0.15
164 0.35546875 0.259375 0.1828125 0.146875
148 0.86796875 0.1890625 0.1234375 0.153125
3 0.56015625 0.3890625 0.1515625 0.1453125
163 0.890625 0.3453125 0.184375 0.1546875
2 0.19921875 0.44375 0.1640625 0.153125
149 0.06171875 0.4671875 0.1234375 0.14375
148 0.7328125 0.37265625 0.134375 0.140625
164 0.38046875 0.428125 0.184375 0.1703125
164 0.75546875 0.5328125 0.19375 0.1515625
163 0.2421875 0.60625 0.1875 0.15
2 0.58515625 0.5578125 0.1546875 0.1515625
149 0.07734375 0.63125 0.121875 0.14375
3 0.41953125 0.58359375 0.1578125 0.1453125
148 0.92421875 0.51328125 0.11875 0.1328125
2 0.60390625 0.71953125 0.15625 0.1484375
149 0.940625 0.67265625 0.115625 0.1484375
148 0.1046875 0.78984375 0.1296875 0.1609375
3 0.4453125 0.746875 0.15625 0.1515625
163 0.77890625 0.70078125 0.1921875 0.1453125
164 0.26796875 0.77421875 0.178125 0.1578125
2 0.51484375 0.07421875 0.1703125 0.1484375
3 0.35390625 0.0921875 0.1578125 0.1578125
149 0.0390625 0.14296875 0.078125 0.1546875
163 0.81484375 0.06015625 0.1953125 0.1203125
164 0.1734375 0.121875 0.1890625 0.1640625
148 0.65859375 0.0703125 0.1234375 0.140625
163 0.415625 0.91484375 0.1765625 0.146875
149 0.934375 0.8421875 0.128125 0.140625
164 0.61328125 0.88984375 0.1828125 0.1609375
148 0.12578125 0.940625 0.1328125 0.115625
3 0.7875 0.86484375 0.1625 0.159375
2 0.26875 0.93203125 0.15 0.1328125