2 0.44921875 0.23203125 0.178125 0.171875
163 0.61171875 0.153125 0.203125 0.1890625
3 0.1265625 0.3921875 0.171875 0.1671875
149 0.0375 0.4578125 0.075 0.16875
164 0.28828125 0.315625 0.2046875 0.1859375
148 0.75390625 0.08984375 0.1546875 0.171875
3 0.52265625 0.37578125 0.1765625 0.1734375
163 0.82421875 0.23203125 0.2078125 0.1921875
2 0.196875 0.5390625 0.190625 0.1859375
149 0.07421875 0.60625 0.1484375 0.165625
148 0.68203125 0.30703125 0.1609375 0.1640625
164 0.3640625 0.46875 0.2140625 0.20625
164 0.753125 0.45234375 0.215625 0.1921875
163 0.2875 0.68125 0.2109375 0.1890625
2 0.59921875 0.52890625 0.18125 0.18125
149 0.13828125 0.75546875 0.1515625 0.1625
3 0.44921875 0.6046875 0.1828125 0.1765625
148 0.90703125 0.38125 0.1453125 0.153125
2 0.6671875 0.6765625 0.1828125 0.178125
149 0.9484375 0.52734375 0.1 0.1671875
148 0.21328125 0.89765625 0.1640625 0.18125
3 0.52421875 0.7515625 0.1828125 0.1796875
163 0.82734375 0.6046875 0.2125 0.1875
164 0.3640625 0.83203125 0.2046875 0.19375
2 0.38203125 0.090625 0.1984375 0.18125
3 0.234375 0.15703125 0.1859375 0.1859375
163 0.65390625 0.0328125 0.2265625 0.065625
164 0.090625 0.24140625 0.18125 0.2046875
148 0.5140625 0.0609375 0.159375 0.121875
163 0.54765625 0.9140625 0.2015625 0.16875
149 0.9703125 0.6890625 0.05625 0.165625
164 0.728125 0.8359375 0.209375 0.1984375
3 0.8859375 0.75859375 0.190625 0.1890625
2 0.41640625 0.95 0.1796875 0.096875