2 0.6125 0.2515625 0.15625 0.1421875
163 0.790625 0.2796875 0.1796875 0.15625
3 0.25625 0.196875 0.15 0.140625
149 0.1125 0.17578125 0.125 0.15
164 0.4328125 0.22734375 0.184375 0.15
148 0.9390625 0.3109375 0.11875 0.15625
3 0.58984375 0.41171875 0.153125 0.146875
163 0.91171875 0.4671875 0.1734375 0.159375
2 0.22890625 0.35859375 0.165625 0.15625
149 0.08671875 0.3390625 0.1296875 0.14375
148 0.76015625 0.44609375 0.1375 0.1421875
164 0.40625 0.396875 0.1875 0.1734375
164 0.734375 0.60625 0.1953125 0.153125
163 0.221875 0.5265625 0.1890625 0.153125
2 0.56484375 0.58046875 0.15625 0.1546875
149 0.06015625 0.5015625 0.1203125 0.146875
3 0.3984375 0.55703125 0.159375 0.1484375
148 0.9015625 0.63671875 0.1203125 0.134375
2 0.53515625 0.740625 0.1578125 0.15
149 0.8734375 0.79375 0.121875 0.1484375
148 0.05234375 0.66171875 0.1046875 0.1640625
3 0.37578125 0.7203125 0.1578125 0.153125
163 0.70859375 0.7734375 0.19375 0.1484375
164 0.19765625 0.69453125 0.1796875 0.1609375
2 0.640625 0.0921875 0.171875 0.159375
3 0.47890625 0.07421875 0.1609375 0.1484375
149 0.1375 0.046875 0.134375 0.09375
163 0.91953125 0.14296875 0.1578125 0.1828125
164 0.29765625 0.06328125 0.1921875 0.1265625
148 0.7796875 0.125 0.125 0.1625
163 0.29765625 0.871875 0.178125 0.1484375
149 0.821875 0.94140625 0.140625 0.1140625
164 0.49453125 0.90546875 0.184375 0.1640625
148 0.0375 0.8296875 0.075 0.153125
3 0.66875 0.925 0.165625 0.146875
2 0.1484375 0.85625 0.15 0.1578125