39 0.36875 0.10390625 0.1765625 0.203125
29 0.31328125 0.32421875 0.1546875 0.16875
196 0.1296875 0.290625 0.1625 0.196875
173 0.49140625 0.39296875 0.2125 0.203125
193 0.0828125 0.48359375 0.165625 0.2046875
137 0.26484375 0.54765625 0.2046875 0.20625
36 0.45625 0.6015625 0.171875 0.190625
196 0.6171875 0.6796875 0.1703125 0.2125
173 0.80859375 0.7328125 0.20625 0.2171875
39 0.05234375 0.77578125 0.1046875 0.1953125
193 0.2140625 0.05859375 0.16875 0.1171875
137 0.5796875 0.1265625 0.196875 0.1921875