148 0.4546875 0.22578125 0.1453125 0.159375
163 0.73125 0.29609375 0.2 0.175
2 0.309375 0.19375 0.1609375 0.1484375
3 0.14921875 0.15390625 0.1625 0.159375
164 0.9109375 0.34921875 0.175 0.1734375
149 0.575 0.2625 0.128125 0.140625
2 0.7734375 0.478125 0.18125 0.171875
3 0.92265625 0.51875 0.1515625 0.159375
163 0.13046875 0.32578125 0.1921875 0.1703125
148 0.2890625 0.36640625 0.1296875 0.15
149 0.61015625 0.446875 0.1390625 0.15625
164 0.4421875 0.40625 0.2046875 0.1859375
3 0.19453125 0.0359375 0.1609375 0.071875
2 0.59453125 0.09375 0.1671875 0.1609375
149 0.45625 0.06875 0.13125 0.1375
164 0.93046875 0.190625 0.1359375 0.178125
148 0.334375 0.06171875 0.140625 0.1234375
163 0.76796875 0.14765625 0.1984375 0.1765625