148 0.52734375 0.2234375 0.1671875 0.175
163 0.77578125 0.3625 0.2171875 0.203125
2 0.3953125 0.15546875 0.1765625 0.1703125
3 0.25078125 0.0828125 0.1828125 0.165625
164 0.91953125 0.4640625 0.1578125 0.203125
149 0.634375 0.290625 0.146875 0.153125
2 0.7703125 0.54921875 0.2 0.1953125
3 0.9078125 0.628125 0.18125 0.18125
163 0.18828125 0.2359375 0.209375 0.1984375
148 0.33125 0.31640625 0.1515625 0.1625
149 0.61953125 0.47734375 0.1609375 0.1703125
164 0.46875 0.39375 0.2234375 0.2140625
2 0.696875 0.13203125 0.184375 0.18125
149 0.5703125 0.0734375 0.153125 0.146875
164 0.95859375 0.32109375 0.0796875 0.2078125
148 0.45859375 0.05078125 0.1671875 0.1015625
163 0.85078125 0.22890625 0.215625 0.2046875