148 0.49375 0.221875 0.1578125 0.16875
163 0.75703125 0.33046875 0.2109375 0.1921875
2 0.35390625 0.1703125 0.171875 0.1609375
3 0.20078125 0.10859375 0.1734375 0.171875
164 0.9171875 0.40859375 0.1625 0.1921875
149 0.6078125 0.27578125 0.1390625 0.1484375
2 0.77421875 0.51640625 0.19375 0.1859375
3 0.91640625 0.578125 0.1640625 0.171875
163 0.15859375 0.27578125 0.203125 0.1875
148 0.31015625 0.33828125 0.1421875 0.1578125
149 0.61640625 0.4625 0.1515625 0.165625
164 0.45546875 0.3984375 0.2171875 0.2015625
3 0.26796875 0.01953125 0.1734375 0.0390625
2 0.65078125 0.1109375 0.178125 0.1734375
149 0.5171875 0.06953125 0.14375 0.1390625
164 0.946875 0.25859375 0.103125 0.1953125
148 0.4 0.05390625 0.15625 0.1078125
163 0.81484375 0.18828125 0.209375 0.19375