150 0.8125 0.15 0.1328125 0.1515625
4 0.05703125 0.353125 0.1140625 0.153125
165 0.203125 0.3140625 0.184375 0.165625
166 0.50546875 0.2546875 0.2046875 0.16875
5 0.6765625 0.21171875 0.1640625 0.146875
151 0.35625 0.2984375 0.13125 0.1390625
4 0.07578125 0.50625 0.1515625 0.153125
165 0.35546875 0.43671875 0.190625 0.159375
150 0.2078125 0.478125 0.128125 0.153125
5 0.8359375 0.334375 0.16875 0.1515625
166 0.54609375 0.40625 0.215625 0.1703125
151 0.7 0.3734375 0.1359375 0.140625
4 0.109375 0.65625 0.15625 0.15625
150 0.8875 0.465625 0.1328125 0.15
165 0.74140625 0.50859375 0.1890625 0.1609375
166 0.27734375 0.64140625 0.203125 0.1734375
151 0.42734375 0.6046875 0.1328125 0.1359375
5 0.5671875 0.5703125 0.1703125 0.153125
4 0.1484375 0.8125 0.1546875 0.146875
165 0.709375 0.67734375 0.1921875 0.1703125
150 0.28828125 0.784375 0.13125 0.15
166 0.89140625 0.64765625 0.2015625 0.1640625
5 0.4171875 0.7703125 0.165625 0.1578125
151 0.55546875 0.73984375 0.1390625 0.1515625
4 0.64375 0.05390625 0.1625 0.1078125
165 0.2796875 0.1234375 0.18125 0.1578125
150 0.77734375 0.040625 0.1265625 0.08125
4 0.453125 0.90390625 0.1546875 0.1515625
150 0.32109375 0.9296875 0.1296875 0.1375
165 0.7453125 0.8328125 0.190625 0.1796875
166 0.91328125 0.8046875 0.1703125 0.175
151 0.59296875 0.88984375 0.13125 0.1453125
5 0.1890625 0.959375 0.165625 0.078125
166 0.46484375 0.0984375 0.20625 0.1796875
151 0.0203125 0.22265625 0.040625 0.1515625
5 0.115625 0.18828125 0.16875 0.1609375