150 0.93984375 0.3765625 0.1171875 0.159375
4 0.18984375 0.121875 0.1640625 0.1609375
165 0.35234375 0.18203125 0.1921875 0.1765625
166 0.63828125 0.29765625 0.2109375 0.1796875
5 0.8046875 0.3546875 0.1703125 0.1546875
151 0.4890625 0.25234375 0.1390625 0.1453125
4 0.13828125 0.271875 0.1640625 0.159375
165 0.41328125 0.36875 0.196875 0.1703125
150 0.2671875 0.32265625 0.1375 0.159375
5 0.87265625 0.54375 0.175 0.1609375
166 0.58984375 0.446875 0.221875 0.184375
151 0.73671875 0.503125 0.14375 0.146875
4 0.08671875 0.41796875 0.1640625 0.1625
150 0.84375 0.68203125 0.140625 0.15625
165 0.69765625 0.63828125 0.1953125 0.1703125
166 0.23671875 0.49765625 0.209375 0.184375
151 0.38203125 0.54765625 0.140625 0.1421875
5 0.51796875 0.5953125 0.1765625 0.1625
4 0.05859375 0.5703125 0.1171875 0.15625
165 0.57890625 0.7625 0.1984375 0.1796875
150 0.1671875 0.6234375 0.140625 0.1546875
166 0.74765625 0.8375 0.2078125 0.1765625
5 0.2828125 0.68125 0.1734375 0.1671875
151 0.41640625 0.73125 0.146875 0.1578125
4 0.8765625 0.1828125 0.1671875 0.1625
165 0.52109375 0.075 0.1890625 0.15
150 0.9671875 0.23359375 0.0625 0.1640625
4 0.240625 0.81328125 0.1625 0.159375
150 0.11015625 0.76953125 0.1359375 0.1578125
165 0.525 0.9078125 0.2 0.18125
166 0.696875 0.94765625 0.215625 0.1015625
151 0.365625 0.87734375 0.1390625 0.15
5 0.0265625 0.75078125 0.053125 0.1703125
166 0.68984375 0.14375 0.2125 0.190625
151 0.209375 0.0296875 0.140625 0.059375
5 0.34765625 0.0578125 0.1765625 0.115625