150 0.94296875 0.409375 0.1109375 0.1625
4 0.2171875 0.1015625 0.16875 0.165625
165 0.375 0.17265625 0.196875 0.1828125
166 0.65234375 0.3078125 0.2140625 0.1875
5 0.8140625 0.37578125 0.175 0.1609375
151 0.50625 0.25234375 0.14375 0.1484375
4 0.1546875 0.24765625 0.16875 0.165625
165 0.42265625 0.3625 0.2 0.178125
150 0.2796875 0.30625 0.14375 0.1625
5 0.86875 0.56953125 0.1796875 0.1671875
166 0.59296875 0.453125 0.225 0.1921875
151 0.7359375 0.51953125 0.1484375 0.1515625
4 0.09375 0.38984375 0.16875 0.16875
150 0.83046875 0.70546875 0.146875 0.159375
165 0.6875 0.6515625 0.2 0.178125
166 0.2375 0.47890625 0.2140625 0.1921875
151 0.37890625 0.5390625 0.1453125 0.146875
5 0.51171875 0.596875 0.18125 0.16875
4 0.0578125 0.5390625 0.115625 0.1625
165 0.56015625 0.7671875 0.203125 0.1875
150 0.159375 0.6 0.1453125 0.1578125
166 0.7234375 0.85390625 0.2109375 0.184375
5 0.27109375 0.665625 0.178125 0.171875
151 0.4 0.725 0.153125 0.1625
4 0.8984375 0.21015625 0.171875 0.16875
165 0.5515625 0.07734375 0.19375 0.1546875
150 0.97421875 0.26953125 0.0484375 0.1671875
4 0.21953125 0.79453125 0.1671875 0.1640625
150 0.0921875 0.7421875 0.1421875 0.1609375
165 0.496875 0.90625 0.20625 0.184375
166 0.66328125 0.9515625 0.2203125 0.09375
151 0.33984375 0.8671875 0.14375 0.1546875
5 0.0203125 0.71171875 0.040625 0.1765625
166 0.7140625 0.1578125 0.2171875 0.1984375
151 0.246875 0.02109375 0.146875 0.0421875
5 0.38125 0.05390625 0.18125 0.1078125