150 0.03671875 0.44140625 0.0734375 0.1703125
165 0.7234375 0.121875 0.2015625 0.1796875
4 0.13515625 0.384375 0.1796875 0.1765625
166 0.54375 0.21875 0.21875 0.190625
151 0.259375 0.34765625 0.1453125 0.1578125
5 0.3859375 0.29375 0.1796875 0.1703125
165 0.3578125 0.4578125 0.209375 0.1828125
4 0.51328125 0.390625 0.175 0.1703125
150 0.06796875 0.59453125 0.1359375 0.1640625
151 0.64453125 0.34765625 0.1625 0.171875
5 0.19140625 0.54921875 0.1890625 0.1796875
166 0.79921875 0.284375 0.2265625 0.1921875
4 0.68984375 0.4890625 0.184375 0.1671875
150 0.1328125 0.7375 0.140625 0.15625
165 0.85234375 0.41875 0.2140625 0.18125
5 0.5453125 0.57109375 0.18125 0.16875
151 0.42265625 0.63046875 0.1484375 0.1546875
166 0.28359375 0.69375 0.20625 0.1765625
4 0.6453125 0.6828125 0.171875 0.171875
165 0.3453125 0.81953125 0.2015625 0.1859375
150 0.77265625 0.63046875 0.1453125 0.1609375
5 0.503125 0.7671875 0.178125 0.171875
151 0.20234375 0.9015625 0.153125 0.1640625
166 0.9078125 0.58359375 0.18125 0.1765625
165 0.09296875 0.2265625 0.1859375 0.2
4 0.23984375 0.1546875 0.171875 0.175
165 0.871875 0.7546875 0.203125 0.190625
4 0.3921875 0.94453125 0.16875 0.1078125
150 0.96796875 0.696875 0.0609375 0.159375
166 0.5515625 0.9125 0.221875 0.171875
5 0.71640625 0.85078125 0.1796875 0.178125
5 0.38515625 0.11328125 0.1890625 0.19375
166 0.659375 0.04765625 0.215625 0.0953125
151 0.5171875 0.0765625 0.1625 0.153125