150 0.1390625 0.14453125 0.13125 0.1609375
165 0.90625 0.33984375 0.184375 0.1609375
4 0.28359375 0.184375 0.165625 0.1625
166 0.7078125 0.30546875 0.2078125 0.1671875
151 0.40390625 0.23203125 0.1296875 0.1484375
5 0.5375 0.2671875 0.1671875 0.1546875
165 0.4140625 0.3796875 0.1984375 0.1609375
4 0.578125 0.421875 0.1609375 0.15625
150 0.0984375 0.3046875 0.125 0.1546875
151 0.7078125 0.46875 0.146875 0.159375
5 0.22578125 0.3484375 0.1765625 0.1625
166 0.86875 0.51484375 0.2171875 0.1671875
4 0.65625 0.60859375 0.1734375 0.15
150 0.0640625 0.46171875 0.125 0.146875
165 0.82734375 0.65234375 0.2046875 0.1578125
5 0.4921875 0.584375 0.1703125 0.1515625
151 0.359375 0.5546875 0.134375 0.14375
166 0.21015625 0.51953125 0.196875 0.1546875
4 0.50234375 0.734375 0.1578125 0.1578125
165 0.18125 0.65625 0.1890625 0.165625
150 0.634375 0.77109375 0.1296875 0.153125
5 0.33828125 0.7125 0.165625 0.15625
151 0.04375 0.634375 0.0875 0.15625
166 0.78125 0.825 0.2015625 0.153125
150 0.1828125 0.03203125 0.134375 0.0640625
165 0.3375 0.0578125 0.2 0.115625
4 0.50703125 0.075 0.1578125 0.15
165 0.6359375 0.92109375 0.190625 0.1546875
4 0.12421875 0.80546875 0.1546875 0.1484375
150 0.7828125 0.946875 0.134375 0.103125
166 0.28125 0.86328125 0.209375 0.1640625
5 0.45390625 0.909375 0.165625 0.1625
151 0.02421875 0.79296875 0.0484375 0.1578125
5 0.64765625 0.12421875 0.171875 0.1796875
166 0.91640625 0.20078125 0.1640625 0.1796875
151 0.7828125 0.16484375 0.14375 0.171875