150 0.053125 0.265625 0.10625 0.146875
165 0.84375 0.2265625 0.1703125 0.13125
4 0.2 0.26171875 0.14375 0.1390625
166 0.6421875 0.253125 0.1890625 0.1359375
151 0.3296875 0.271875 0.1078125 0.1328125
5 0.4671875 0.26640625 0.1484375 0.13125
165 0.3828125 0.41015625 0.1796875 0.13125
4 0.55234375 0.40234375 0.140625 0.134375
150 0.059375 0.43046875 0.1015625 0.140625
151 0.6890625 0.409375 0.125 0.140625
5 0.19375 0.43515625 0.15625 0.1375
166 0.85625 0.40625 0.1984375 0.134375
4 0.68125 0.5578125 0.1546875 0.125
150 0.071875 0.590625 0.1046875 0.1328125
165 0.8578125 0.55 0.1875 0.1265625
5 0.5171875 0.5828125 0.1515625 0.128125
151 0.38125 0.59375 0.1140625 0.1265625
166 0.228125 0.603125 0.1796875 0.125
4 0.5703125 0.7234375 0.1359375 0.1375
165 0.24140625 0.74296875 0.16875 0.1390625
150 0.7078125 0.71953125 0.1078125 0.1375
5 0.4078125 0.75078125 0.1453125 0.134375
151 0.078125 0.76875 0.115625 0.1375
166 0.8640625 0.72890625 0.184375 0.121875
150 0.05078125 0.10234375 0.1015625 0.1390625
165 0.2046875 0.09375 0.1765625 0.1515625
4 0.38046875 0.084375 0.134375 0.1421875
165 0.75546875 0.87109375 0.16875 0.14375
4 0.2296875 0.90234375 0.1359375 0.1265625
150 0.9078125 0.86640625 0.1125 0.13125
166 0.396875 0.91171875 0.1921875 0.1328125
5 0.57578125 0.90546875 0.1453125 0.140625
151 0.08671875 0.93046875 0.1203125 0.1359375
5 0.53125 0.09765625 0.146875 0.1578125
166 0.8296875 0.0859375 0.1796875 0.1484375
151 0.671875 0.096875 0.1171875 0.15625