165 0.1390625 0.17890625 0.1796875 0.1578125
4 0.71171875 0.27578125 0.1515625 0.14375
150 0.56640625 0.25703125 0.1296875 0.1546875
166 0.87265625 0.3125 0.2 0.159375
5 0.42421875 0.2484375 0.1625 0.1578125
151 0.28359375 0.22734375 0.1375 0.1578125
150 0.42734375 0.390625 0.1265625 0.15
4 0.28984375 0.37109375 0.1484375 0.1375
165 0.85546875 0.4609375 0.1859375 0.14375
5 0.675 0.440625 0.1609375 0.1546875
166 0.10546875 0.36015625 0.1859375 0.1546875
151 0.53828125 0.4328125 0.1265625 0.13125
4 0.6921875 0.59375 0.1625 0.14375
150 0.240625 0.52421875 0.1140625 0.140625
165 0.3984375 0.55078125 0.1875 0.15
151 0.546875 0.59140625 0.128125 0.146875
166 0.08828125 0.5203125 0.1765625 0.15
5 0.84453125 0.64453125 0.1640625 0.153125
165 0.809375 0.7796875 0.2046875 0.1625
150 0.33515625 0.7046875 0.115625 0.134375
4 0.47734375 0.7296875 0.1578125 0.1453125
5 0.62578125 0.77109375 0.159375 0.1421875
166 0.075 0.68125 0.15 0.146875
151 0.20234375 0.7125 0.1203125 0.134375
150 0.3234375 0.065625 0.128125 0.13125
165 0.165625 0.05234375 0.184375 0.1046875
4 0.76875 0.125 0.153125 0.1484375
150 0.1609375 0.83984375 0.115625 0.134375
4 0.48515625 0.89140625 0.15 0.146875
165 0.65859375 0.91875 0.18125 0.14375
166 0.30546875 0.884375 0.2 0.146875
5 0.04921875 0.83984375 0.0984375 0.1546875
151 0.80546875 0.94609375 0.1359375 0.1046875
5 0.9171875 0.1640625 0.1625 0.159375
166 0.46953125 0.09453125 0.196875 0.16875
151 0.62265625 0.11953125 0.1265625 0.1453125