165 0.27890625 0.08515625 0.2078125 0.1703125
4 0.778125 0.36640625 0.178125 0.175
150 0.6484375 0.296875 0.1640625 0.175
166 0.90078125 0.45859375 0.1953125 0.2078125
5 0.51953125 0.23828125 0.1921875 0.190625
151 0.3953125 0.16796875 0.171875 0.18125
150 0.47109375 0.371875 0.159375 0.1703125
4 0.35 0.30390625 0.1734375 0.16875
165 0.84609375 0.590625 0.20625 0.1875
5 0.684375 0.50703125 0.190625 0.1875
166 0.18203125 0.228125 0.2109375 0.196875
151 0.56015625 0.45078125 0.153125 0.1546875
4 0.64609375 0.65625 0.1859375 0.178125
150 0.24921875 0.4296875 0.146875 0.1578125
165 0.38671875 0.51171875 0.209375 0.19375
151 0.51171875 0.60234375 0.1609375 0.16875
166 0.10390625 0.36875 0.2078125 0.19375
5 0.7703125 0.75859375 0.1921875 0.1875
165 0.68828125 0.871875 0.228125 0.209375
150 0.27265625 0.63203125 0.1453125 0.153125
4 0.39609375 0.70625 0.184375 0.178125
5 0.51953125 0.7984375 0.1828125 0.1765625
166 0.0625 0.50859375 0.125 0.1921875
151 0.14609375 0.59140625 0.1484375 0.1546875
150 0.496875 0.053125 0.165625 0.10625
4 0.88515625 0.24609375 0.18125 0.1796875
150 0.0671875 0.69609375 0.134375 0.1546875
4 0.34609375 0.86015625 0.178125 0.1765625
165 0.4984375 0.9265625 0.203125 0.14375
166 0.18046875 0.7890625 0.21875 0.1953125
151 0.6171875 0.9796875 0.16875 0.0375
5 0.95625 0.3375 0.084375 0.19375
166 0.61640625 0.1109375 0.2234375 0.2109375
151 0.75078125 0.18828125 0.1578125 0.165625