165 0.14453125 0.17265625 0.18125 0.1609375
4 0.715625 0.2796875 0.153125 0.1453125
150 0.5703125 0.25859375 0.13125 0.15625
166 0.8765625 0.31875 0.2015625 0.1625
5 0.42890625 0.246875 0.1640625 0.159375
151 0.28828125 0.22421875 0.140625 0.159375
150 0.42890625 0.3890625 0.128125 0.1515625
4 0.29140625 0.3671875 0.15 0.1390625
165 0.85625 0.4671875 0.1875 0.1453125
5 0.67578125 0.44375 0.1640625 0.15625
166 0.1078125 0.353125 0.1875 0.15625
151 0.53984375 0.4328125 0.128125 0.1328125
4 0.690625 0.596875 0.1640625 0.1453125
150 0.23984375 0.5203125 0.1171875 0.140625
165 0.39765625 0.54921875 0.1890625 0.153125
151 0.5453125 0.5921875 0.13125 0.1484375
166 0.0890625 0.5140625 0.178125 0.153125
5 0.8421875 0.65078125 0.165625 0.15625
165 0.8046875 0.78515625 0.20625 0.1640625
150 0.33203125 0.70234375 0.1171875 0.1359375
4 0.4734375 0.72890625 0.159375 0.146875
5 0.62109375 0.7734375 0.1609375 0.1453125
166 0.07421875 0.6734375 0.1484375 0.15
151 0.1984375 0.70703125 0.121875 0.1359375
150 0.33125 0.06484375 0.13125 0.1296875
165 0.17265625 0.05 0.1859375 0.1
4 0.77578125 0.1296875 0.15625 0.15
150 0.1546875 0.834375 0.1171875 0.1359375
4 0.47890625 0.89140625 0.1515625 0.1484375
165 0.65078125 0.921875 0.1828125 0.146875
166 0.2984375 0.88125 0.2015625 0.15
5 0.04765625 0.8328125 0.0953125 0.15625
151 0.796875 0.9484375 0.1375 0.1
5 0.91875 0.17109375 0.159375 0.1609375
166 0.4765625 0.09453125 0.1984375 0.1703125
151 0.6296875 0.12109375 0.128125 0.146875