4 0.821875 0.14765625 0.16875 0.15625
150 0.203125 0.3375 0.1453125 0.165625
165 0.075 0.39453125 0.15 0.1859375
5 0.34296875 0.3140625 0.1953125 0.1828125
151 0.4875 0.2734375 0.1578125 0.153125
166 0.64609375 0.225 0.2078125 0.175
150 0.8828125 0.29921875 0.1453125 0.1671875
165 0.09765625 0.54296875 0.1953125 0.1921875
4 0.27578125 0.49375 0.1625 0.1625
5 0.740625 0.365625 0.1890625 0.175
166 0.56796875 0.4203125 0.221875 0.1921875
151 0.41171875 0.475 0.146875 0.165625
4 0.76796875 0.0375 0.1765625 0.075
165 0.15703125 0.175 0.2078125 0.196875
150 0.3109375 0.1296875 0.1453125 0.1671875
166 0.59375 0.08046875 0.221875 0.1609375
151 0.4390625 0.1109375 0.14375 0.1546875
5 0.0359375 0.25546875 0.071875 0.1765625