4 0.89765625 0.2359375 0.1453125 0.128125
150 0.25078125 0.2703125 0.1171875 0.1453125
165 0.0875 0.28828125 0.175 0.1515625
5 0.3921875 0.28203125 0.16875 0.15
151 0.54296875 0.27734375 0.1328125 0.128125
166 0.70859375 0.26875 0.1859375 0.1375
150 0.9203125 0.3984375 0.1171875 0.146875
165 0.09375 0.4421875 0.1765625 0.15625
4 0.284375 0.4390625 0.1359375 0.1375
5 0.76640625 0.428125 0.1640625 0.14375
166 0.58515625 0.4390625 0.1953125 0.153125
151 0.4203125 0.45390625 0.11875 0.1453125
4 0.884375 0.07109375 0.15 0.1421875
165 0.24609375 0.1015625 0.178125 0.1625
150 0.40625 0.0953125 0.1171875 0.146875
166 0.696875 0.0953125 0.190625 0.1625
151 0.53515625 0.1078125 0.11875 0.1328125
5 0.06640625 0.13671875 0.1328125 0.1484375