4 0.93515625 0.34765625 0.1265625 0.1484375
150 0.31875 0.2140625 0.1359375 0.159375
165 0.15546875 0.1890625 0.19375 0.1734375
5 0.45234375 0.26171875 0.1875 0.171875
151 0.59921875 0.29609375 0.15 0.1453125
166 0.7609375 0.33046875 0.2015625 0.1625
150 0.93125 0.5109375 0.134375 0.1625
165 0.12265625 0.3390625 0.1953125 0.1796875
4 0.30703125 0.38515625 0.1546875 0.1546875
5 0.77578125 0.49921875 0.18125 0.165625
166 0.5984375 0.46328125 0.2140625 0.1796875
151 0.434375 0.43515625 0.1375 0.159375
4 0.9484375 0.18203125 0.1 0.1671875
165 0.3578125 0.071875 0.2 0.14375
150 0.5140625 0.084375 0.1359375 0.1609375
166 0.7953125 0.16015625 0.2109375 0.1875
151 0.63515625 0.13046875 0.1359375 0.1484375
5 0.1671875 0.059375 0.16875 0.11875