6 0.2421875 0.2921875 0.1765625 0.1625
6 0.51953125 0.23359375 0.1703125 0.1484375
167 0.81640625 0.17109375 0.215625 0.1828125
152 0.65703125 0.21015625 0.14375 0.16875
167 0.08671875 0.33828125 0.1734375 0.1828125
152 0.3796875 0.27265625 0.14375 0.1578125
167 0.2921875 0.44609375 0.2125 0.16875
6 0.46328125 0.41015625 0.1734375 0.14375
167 0.10234375 0.49140625 0.2046875 0.1671875
6 0.74609375 0.35703125 0.1703125 0.1578125
152 0.88359375 0.32734375 0.14375 0.15625
152 0.60625 0.3890625 0.1484375 0.1609375
6 0.1203125 0.65234375 0.1734375 0.1609375
167 0.88203125 0.490625 0.209375 0.159375
6 0.7109375 0.528125 0.16875 0.1515625
152 0.57265625 0.55859375 0.14375 0.1515625
167 0.4140625 0.5953125 0.2015625 0.165625
152 0.26015625 0.6296875 0.1453125 0.1578125
6 0.15 0.809375 0.178125 0.1640625
6 0.61953125 0.71171875 0.175 0.178125
167 0.79453125 0.6765625 0.20625 0.171875
152 0.93828125 0.6453125 0.1203125 0.146875
167 0.32734375 0.778125 0.209375 0.1765625
152 0.48125 0.75 0.1421875 0.1625
167 0.06875 0.16875 0.1375 0.165625
6 0.48984375 0.07734375 0.1734375 0.1546875
152 0.190625 0.1359375 0.1453125 0.1546875
152 0.625 0.0625 0.140625 0.125
167 0.78125 0.053125 0.221875 0.10625
6 0.33359375 0.11015625 0.1765625 0.15625
6 0.190625 0.9421875 0.178125 0.1125
6 0.34140625 0.925 0.1765625 0.146875
167 0.921875 0.80859375 0.153125 0.1796875
167 0.63671875 0.8796875 0.203125 0.1578125
152 0.484375 0.91328125 0.134375 0.146875
152 0.796875 0.8484375 0.14375 0.15