6 0.265625 0.26640625 0.1640625 0.15
6 0.546875 0.2375 0.159375 0.134375
167 0.84921875 0.20546875 0.2046875 0.165625
152 0.68671875 0.228125 0.1296875 0.159375
167 0.09296875 0.29453125 0.1859375 0.1671875
152 0.40390625 0.2609375 0.13125 0.1484375
167 0.2984375 0.42421875 0.203125 0.1515625
6 0.47265625 0.40703125 0.1640625 0.1296875
167 0.103125 0.45 0.1953125 0.1484375
6 0.759375 0.3828125 0.159375 0.14375
152 0.89921875 0.36875 0.13125 0.1453125
152 0.61796875 0.40078125 0.1359375 0.1515625
6 0.10625 0.61171875 0.1625 0.1484375
167 0.88125 0.53046875 0.2 0.1421875
6 0.70703125 0.55 0.159375 0.1390625
152 0.565625 0.56640625 0.1328125 0.1421875
167 0.4046875 0.58515625 0.190625 0.15
152 0.24765625 0.60390625 0.134375 0.146875
6 0.11953125 0.77109375 0.1671875 0.15
6 0.596875 0.7234375 0.1609375 0.165625
167 0.77421875 0.70625 0.1953125 0.15625
152 0.93203125 0.69140625 0.1328125 0.1359375
167 0.29921875 0.75859375 0.1984375 0.159375
152 0.45546875 0.746875 0.1296875 0.153125
167 0.084375 0.12109375 0.16875 0.1484375
6 0.534375 0.07421875 0.1625 0.1484375
152 0.23046875 0.10546875 0.1328125 0.14375
152 0.671875 0.06796875 0.128125 0.1359375
167 0.8296875 0.06484375 0.209375 0.1296875
6 0.375 0.0953125 0.165625 0.1421875
6 0.14453125 0.928125 0.1671875 0.140625
6 0.29609375 0.91640625 0.1625 0.1546875
167 0.90703125 0.85390625 0.1828125 0.1640625
167 0.59609375 0.8921875 0.19375 0.140625
152 0.44140625 0.909375 0.1234375 0.1359375
152 0.75859375 0.87734375 0.1328125 0.140625