6 0.36484375 0.19765625 0.18125 0.16875
6 0.63828125 0.271875 0.175 0.153125
167 0.909375 0.35078125 0.178125 0.1921875
152 0.771875 0.31328125 0.15 0.1734375
167 0.1890625 0.159375 0.2109375 0.1890625
152 0.49609375 0.24296875 0.1484375 0.1625
167 0.3390625 0.3578125 0.2171875 0.1765625
6 0.5078125 0.403125 0.178125 0.15
167 0.146875 0.3109375 0.209375 0.171875
6 0.784375 0.48359375 0.175 0.1640625
152 0.9203125 0.5203125 0.1484375 0.1609375
152 0.6453125 0.44921875 0.1546875 0.165625
6 0.0921875 0.46328125 0.178125 0.1671875
167 0.84453125 0.66484375 0.2140625 0.1671875
6 0.67578125 0.6203125 0.1734375 0.1578125
152 0.5375 0.58515625 0.1484375 0.15625
167 0.38046875 0.5453125 0.20625 0.1734375
152 0.22734375 0.50703125 0.1515625 0.1609375
6 0.0703125 0.6171875 0.140625 0.171875
6 0.51015625 0.74296875 0.1796875 0.184375
167 0.6828125 0.790625 0.2109375 0.1796875
152 0.8359375 0.83359375 0.15 0.15
167 0.2203125 0.66953125 0.2140625 0.184375
152 0.36953125 0.7140625 0.146875 0.165625
167 0.23125 0.03984375 0.21875 0.0796875
6 0.684375 0.11328125 0.1765625 0.16875
152 0.38984375 0.0578125 0.1515625 0.115625
152 0.81640625 0.15390625 0.14375 0.1578125
167 0.928125 0.19453125 0.140625 0.1921875
6 0.52890625 0.0796875 0.1828125 0.159375
6 0.05234375 0.775 0.1046875 0.165625
6 0.1609375 0.815625 0.1796875 0.1734375
167 0.76015625 0.94140625 0.2140625 0.1140625
167 0.44921875 0.90078125 0.2078125 0.1640625
152 0.29921875 0.8609375 0.1390625 0.15
152 0.60625 0.9328125 0.15 0.13125