6 0.58671875 0.26484375 0.175 0.159375
6 0.928125 0.33359375 0.140625 0.1671875
152 0.440625 0.24609375 0.1390625 0.1546875
167 0.76640625 0.303125 0.209375 0.1578125
152 0.1125 0.190625 0.1421875 0.1546875
167 0.27890625 0.22421875 0.2171875 0.1703125
167 0.36875 0.4015625 0.196875 0.1671875
152 0.08515625 0.3546875 0.1390625 0.15625
6 0.8921875 0.49765625 0.1953125 0.1546875
167 0.70625 0.465625 0.209375 0.159375
152 0.21171875 0.38046875 0.1515625 0.1625
6 0.53359375 0.4375 0.1609375 0.1578125
6 0.5609375 0.6046875 0.1765625 0.1609375
167 0.21875 0.54921875 0.2109375 0.1765625
152 0.0640625 0.521875 0.128125 0.165625
6 0.39609375 0.58125 0.1859375 0.1796875
167 0.74140625 0.64765625 0.2140625 0.171875
152 0.90703125 0.68046875 0.1453125 0.1671875
6 0.94609375 0.16640625 0.1046875 0.1609375
167 0.66640625 0.11328125 0.221875 0.184375
152 0.140625 0.05078125 0.146875 0.1015625
152 0.83203125 0.1453125 0.1484375 0.1765625
6 0.2875 0.0640625 0.171875 0.128125
167 0.46640625 0.08984375 0.2203125 0.1796875