6 0.62265625 0.28125 0.190625 0.178125
6 0.934375 0.40546875 0.128125 0.1859375
152 0.48125 0.23984375 0.15625 0.1671875
167 0.79375 0.34765625 0.221875 0.1828125
152 0.165625 0.13359375 0.1578125 0.1671875
167 0.325 0.19296875 0.2296875 0.1953125
167 0.3859375 0.38203125 0.2109375 0.1890625
152 0.11328125 0.29140625 0.1546875 0.16875
6 0.8875 0.559375 0.2078125 0.1765625
167 0.70859375 0.4984375 0.221875 0.1828125
152 0.234375 0.33671875 0.16875 0.1765625
6 0.5421875 0.44375 0.175 0.1734375
6 0.54375 0.6125 0.190625 0.178125
167 0.2140625 0.5046875 0.225 0.2
152 0.06875 0.45234375 0.1375 0.1765625
6 0.384375 0.5640625 0.203125 0.1984375
167 0.715625 0.68359375 0.228125 0.1953125
152 0.8734375 0.7421875 0.1625 0.1796875
6 0.965625 0.2453125 0.065625 0.178125
167 0.725 0.14453125 0.2375 0.209375
152 0.2203125 0.02890625 0.1625 0.0578125
152 0.88359375 0.2015625 0.1671875 0.1890625
6 0.36015625 0.0546875 0.1859375 0.109375
167 0.53046875 0.09609375 0.2359375 0.1921875