6 0.5703125 0.259375 0.1671875 0.15
6 0.9234375 0.30390625 0.15 0.1578125
152 0.4234375 0.25078125 0.13125 0.146875
167 0.7515625 0.28515625 0.203125 0.146875
152 0.0921875 0.21796875 0.134375 0.1484375
167 0.26015625 0.23984375 0.209375 0.159375
167 0.3625 0.4109375 0.1890625 0.15625
152 0.0765625 0.38359375 0.1296875 0.15
6 0.89140625 0.4703125 0.1890625 0.14375
167 0.703125 0.4515625 0.203125 0.146875
152 0.20390625 0.40078125 0.14375 0.1546875
6 0.52890625 0.43515625 0.153125 0.15
6 0.56796875 0.6 0.16875 0.1515625
167 0.22265625 0.56875 0.203125 0.165625
152 0.0625 0.553125 0.125 0.159375
6 0.4015625 0.58828125 0.1765625 0.1703125
167 0.75078125 0.63046875 0.20625 0.159375
152 0.91875 0.6515625 0.1359375 0.159375
6 0.9359375 0.13359375 0.125 0.1515625
167 0.6390625 0.103125 0.2140625 0.171875
152 0.109375 0.06171875 0.1375 0.1234375
152 0.80703125 0.12265625 0.1390625 0.16875
6 0.25546875 0.06953125 0.1640625 0.1390625
167 0.43671875 0.090625 0.2109375 0.171875