238 0.178125 0.33203125 0.1875 0.165625
239 0.3359375 0.28046875 0.1703125 0.15
231 0.65078125 0.17890625 0.1640625 0.1515625
239 0.05546875 0.3859375 0.1109375 0.15
238 0.49921875 0.2328125 0.1609375 0.1328125
231 0.8078125 0.13828125 0.1703125 0.1546875
238 0.6984375 0.33515625 0.1796875 0.165625
239 0.3859375 0.43984375 0.171875 0.1546875
239 0.08203125 0.5421875 0.1640625 0.165625
238 0.54921875 0.390625 0.1625 0.15625
231 0.8609375 0.2921875 0.171875 0.1484375
231 0.2296875 0.4984375 0.1765625 0.1609375
238 0.596875 0.5515625 0.1703125 0.15
238 0.13046875 0.70546875 0.18125 0.16875
239 0.44375 0.6046875 0.1609375 0.1515625
239 0.9109375 0.4546875 0.1703125 0.15625
231 0.7546875 0.50546875 0.16875 0.159375
231 0.28515625 0.65859375 0.16875 0.153125
239 0.9328125 0.60546875 0.13125 0.1671875
231 0.79921875 0.6578125 0.178125 0.159375
238 0.490625 0.759375 0.1671875 0.1515625
231 0.65078125 0.7078125 0.16875 0.1625
238 0.1765625 0.86640625 0.1796875 0.1625
239 0.3359375 0.81484375 0.16875 0.15625
238 0.12578125 0.17890625 0.175 0.1515625
238 0.603125 0.053125 0.16875 0.10625
231 0.28515625 0.1296875 0.1796875 0.1625
239 0.03046875 0.23046875 0.0609375 0.1546875
239 0.43671875 0.08125 0.1765625 0.1625
231 0.7609375 0.02890625 0.16875 0.0578125
239 0.9296875 0.78203125 0.1375 0.1515625
239 0.7953125 0.83125 0.15625 0.1515625
231 0.54296875 0.9171875 0.1546875 0.140625
238 0.3921875 0.94453125 0.184375 0.1078125
238 0.234375 0.9671875 0.18125 0.0625
231 0.67421875 0.8875 0.1578125 0.1625