238 0.2796875 0.21171875 0.1703125 0.1421875
239 0.44375 0.23203125 0.15625 0.128125
231 0.771875 0.27265625 0.146875 0.13125
239 0.11796875 0.19453125 0.153125 0.1265625
238 0.6125 0.2578125 0.1484375 0.1109375
231 0.9265625 0.303125 0.14375 0.134375
238 0.75 0.434375 0.1625 0.14375
239 0.421875 0.39765625 0.15625 0.1328125
239 0.0984375 0.35859375 0.1546875 0.14375
238 0.590625 0.42109375 0.1453125 0.1359375
231 0.91484375 0.4640625 0.1578125 0.125
231 0.25625 0.384375 0.159375 0.1390625
238 0.56640625 0.5875 0.1546875 0.128125
238 0.08046875 0.53046875 0.1609375 0.1484375
239 0.4046875 0.57109375 0.1453125 0.13125
239 0.89140625 0.63203125 0.1546875 0.134375
231 0.72890625 0.6125 0.1515625 0.1390625
231 0.23828125 0.553125 0.1515625 0.1328125
239 0.86875 0.78828125 0.1578125 0.14375
231 0.7046875 0.76953125 0.1625 0.1359375
238 0.38203125 0.73125 0.1515625 0.1296875
231 0.5484375 0.75234375 0.15 0.1421875
238 0.0671875 0.6953125 0.134375 0.140625
239 0.21875 0.715625 0.153125 0.134375
238 0.29609375 0.0578125 0.1609375 0.115625
238 0.79375 0.11171875 0.1484375 0.140625
231 0.46171875 0.0734375 0.1625 0.1390625
239 0.13828125 0.05 0.1546875 0.1
239 0.6203125 0.09375 0.159375 0.140625
231 0.93984375 0.1375 0.1171875 0.140625
239 0.78671875 0.9390625 0.1578125 0.11875
239 0.628125 0.925 0.140625 0.1328125
231 0.3625 0.89609375 0.140625 0.121875
238 0.203125 0.88046875 0.1671875 0.1328125
238 0.06015625 0.8609375 0.1203125 0.15
231 0.49453125 0.925 0.1390625 0.1453125