238 0.2125 0.278125 0.171875 0.14375
239 0.3765625 0.25546875 0.1578125 0.13125
231 0.70390625 0.21015625 0.1484375 0.1328125
239 0.065625 0.30390625 0.13125 0.1296875
238 0.54609375 0.2375 0.15 0.1140625
231 0.86640625 0.19765625 0.1546875 0.134375
238 0.72421875 0.371875 0.1640625 0.1453125
239 0.3984375 0.42109375 0.1578125 0.134375
239 0.07734375 0.4671875 0.1546875 0.146875
238 0.5671875 0.40078125 0.146875 0.1390625
231 0.89140625 0.35859375 0.159375 0.128125
231 0.234375 0.4515625 0.1609375 0.1421875
238 0.58671875 0.5671875 0.15625 0.1296875
238 0.10078125 0.63828125 0.165625 0.1484375
239 0.4265625 0.59296875 0.146875 0.134375
239 0.9125 0.5265625 0.15625 0.1375
231 0.75 0.54921875 0.1546875 0.140625
231 0.2609375 0.61875 0.1546875 0.134375
239 0.92421875 0.68359375 0.1484375 0.1484375
231 0.7671875 0.7078125 0.1640625 0.1375
238 0.44609375 0.75390625 0.153125 0.1328125
231 0.6125 0.73125 0.1515625 0.1453125
238 0.11796875 0.8046875 0.1640625 0.1421875
239 0.28359375 0.78125 0.1546875 0.1375
238 0.18671875 0.11875 0.1609375 0.1296875
238 0.68359375 0.0609375 0.1515625 0.121875
231 0.353125 0.09765625 0.1640625 0.1421875
239 0.0546875 0.14296875 0.109375 0.1359375
239 0.5109375 0.0765625 0.1625 0.1421875
231 0.8484375 0.05078125 0.153125 0.1015625
239 0.89140625 0.85546875 0.1578125 0.13125
239 0.73359375 0.87734375 0.1421875 0.134375
231 0.46953125 0.91875 0.1421875 0.1234375
238 0.31171875 0.9375 0.1703125 0.121875
238 0.14765625 0.9453125 0.1640625 0.10625
231 0.6046875 0.9125 0.140625 0.146875