240 0.77109375 0.109375 0.159375 0.1421875
240 0.16796875 0.353125 0.165625 0.153125
241 0.47265625 0.240625 0.1859375 0.1890625
241 0.32265625 0.30234375 0.1734375 0.1671875
232 0.63046875 0.1859375 0.1671875 0.165625
232 0.05390625 0.4203125 0.1078125 0.171875
240 0.5 0.39765625 0.1625 0.1484375
240 0.6484375 0.34140625 0.16875 0.15625
241 0.21875 0.50859375 0.184375 0.175
232 0.80234375 0.29296875 0.1765625 0.1703125
241 0.359375 0.46328125 0.16875 0.159375
232 0.08515625 0.5734375 0.1703125 0.171875
240 0.1296875 0.715625 0.1734375 0.1640625
240 0.8859375 0.42578125 0.1828125 0.159375
241 0.74296875 0.49140625 0.1671875 0.165625
241 0.58828125 0.55234375 0.178125 0.16875
232 0.29296875 0.66953125 0.16875 0.1609375
232 0.4421875 0.6125 0.171875 0.1703125
240 0.40625 0.08203125 0.178125 0.1640625
240 0.1921875 0.86640625 0.1734375 0.159375
240 0.4953125 0.75546875 0.1765625 0.1578125
232 0.92890625 0.5859375 0.1390625 0.190625
232 0.80546875 0.6421875 0.16875 0.1671875
241 0.3484375 0.8203125 0.178125 0.1703125
241 0.6546875 0.7046875 0.1765625 0.1796875
240 0.2609375 0.13984375 0.1765625 0.1828125
232 0.1109375 0.2 0.1796875 0.171875
232 0.03203125 0.25625 0.0640625 0.190625
241 0.7140625 0.03203125 0.184375 0.0640625
240 0.25234375 0.965625 0.1796875 0.065625
241 0.56953125 0.059375 0.1671875 0.11875
241 0.55625 0.903125 0.1703125 0.178125
240 0.9609375 0.73203125 0.075 0.1609375
241 0.71328125 0.85703125 0.1640625 0.16875
232 0.41328125 0.94375 0.1828125 0.109375
232 0.8609375 0.8078125 0.1828125 0.1828125