240 0.93984375 0.38359375 0.1171875 0.1421875
240 0.34609375 0.17109375 0.1640625 0.1515625
241 0.64921875 0.2859375 0.184375 0.1875
241 0.49609375 0.23515625 0.171875 0.1671875
232 0.8046875 0.34921875 0.1671875 0.1640625
232 0.190625 0.12578125 0.171875 0.16875
240 0.5671875 0.42265625 0.1609375 0.146875
240 0.71640625 0.47734375 0.1671875 0.1546875
241 0.28203125 0.321875 0.1828125 0.1734375
232 0.8640625 0.5421875 0.175 0.16875
241 0.41796875 0.38046875 0.1671875 0.1578125
232 0.134375 0.27890625 0.178125 0.16875
240 0.08359375 0.4203125 0.1671875 0.165625
240 0.83984375 0.696875 0.1828125 0.1578125
241 0.6890625 0.65234375 0.165625 0.1640625
241 0.53203125 0.596875 0.178125 0.1671875
232 0.2328125 0.4921875 0.1671875 0.159375
232 0.38203125 0.546875 0.171875 0.16875
240 0.70625 0.11796875 0.175 0.1703125
240 0.05703125 0.57578125 0.1140625 0.1578125
240 0.32890625 0.68984375 0.175 0.15625
232 0.7828125 0.86015625 0.1796875 0.1875
232 0.6375 0.8078125 0.1671875 0.165625
241 0.17578125 0.6421875 0.1765625 0.16875
241 0.48203125 0.75625 0.1765625 0.178125
240 0.55546875 0.08125 0.1765625 0.1625
232 0.40390625 0.05234375 0.1796875 0.1046875
232 0.2578125 0.03046875 0.190625 0.0609375
241 0.9578125 0.240625 0.08125 0.184375
240 0.03125 0.72734375 0.0625 0.1671875
241 0.85859375 0.19375 0.1640625 0.1671875
241 0.278125 0.840625 0.16875 0.1765625
240 0.7359375 0.96484375 0.178125 0.0671875
241 0.4265625 0.909375 0.1625 0.1671875
232 0.12265625 0.8015625 0.1796875 0.16875
232 0.57109375 0.93828125 0.1828125 0.1203125