240 0.7640625 0.1046875 0.159375 0.14375
240 0.165625 0.35859375 0.1671875 0.1546875
241 0.46796875 0.240625 0.1859375 0.190625
241 0.31953125 0.30546875 0.175 0.16875
232 0.625 0.184375 0.16875 0.1671875
232 0.05390625 0.42890625 0.1078125 0.1734375
240 0.4984375 0.39765625 0.1625 0.15
240 0.6453125 0.33828125 0.16875 0.1578125
241 0.21875 0.51328125 0.184375 0.1765625
232 0.7984375 0.2875 0.178125 0.171875
241 0.359375 0.465625 0.16875 0.1609375
232 0.0859375 0.58046875 0.171875 0.1734375
240 0.13359375 0.721875 0.175 0.165625
240 0.884375 0.41875 0.184375 0.1609375
241 0.7421875 0.4875 0.1671875 0.1671875
241 0.5890625 0.55078125 0.1796875 0.1703125
232 0.29609375 0.6734375 0.16875 0.1625
232 0.44375 0.61328125 0.1734375 0.171875
240 0.39765625 0.0828125 0.1796875 0.165625
240 0.1984375 0.871875 0.175 0.1609375
240 0.49921875 0.75546875 0.1765625 0.159375
232 0.92890625 0.57890625 0.1390625 0.1921875
232 0.8078125 0.63671875 0.1703125 0.16875
241 0.35390625 0.82265625 0.178125 0.171875
241 0.65859375 0.70234375 0.178125 0.18125
240 0.2546875 0.14453125 0.178125 0.184375
232 0.10625 0.20703125 0.18125 0.1734375
232 0.0296875 0.26640625 0.059375 0.1921875
241 0.70390625 0.03125 0.1859375 0.0625
240 0.2609375 0.9671875 0.18125 0.0625
241 0.5625 0.059375 0.16875 0.11875
241 0.56328125 0.9015625 0.1703125 0.178125
240 0.9625 0.721875 0.071875 0.1625
241 0.71953125 0.853125 0.165625 0.16875
232 0.421875 0.94453125 0.184375 0.1078125
232 0.86640625 0.8015625 0.184375 0.184375