231 0.2515625 0.08828125 0.18125 0.1765625
238 0.92890625 0.475 0.1390625 0.178125
238 0.39453125 0.16640625 0.19375 0.18125
239 0.81328125 0.3984375 0.165625 0.1546875
239 0.53828125 0.25 0.1765625 0.16875
231 0.69140625 0.334375 0.175 0.1734375
239 0.28984375 0.2984375 0.1671875 0.159375
231 0.16640625 0.23125 0.171875 0.1625
238 0.66640625 0.51015625 0.1796875 0.171875
239 0.4015625 0.36953125 0.1625 0.15
231 0.8125 0.5984375 0.18125 0.1734375
238 0.51796875 0.43671875 0.171875 0.1625
231 0.08984375 0.3875 0.171875 0.1609375
239 0.81640625 0.7921875 0.18125 0.16875
231 0.2328125 0.47109375 0.18125 0.1796875
239 0.37890625 0.5515625 0.1828125 0.1703125
238 0.525 0.63359375 0.1796875 0.1703125
238 0.67109375 0.715625 0.18125 0.1734375
239 0.47890625 0.0515625 0.1796875 0.103125
231 0.775 0.18125 0.171875 0.1625
238 0.62890625 0.10234375 0.184375 0.178125
239 0.9125 0.2671875 0.171875 0.1875