231 0.05625 0.3828125 0.1125 0.165625
238 0.803125 0.16015625 0.178125 0.1546875
238 0.18984375 0.3390625 0.1828125 0.159375
239 0.65 0.20703125 0.1546875 0.1359375
239 0.35078125 0.29609375 0.1625 0.1515625
231 0.51875 0.24765625 0.1609375 0.15625
239 0.209375 0.50625 0.15625 0.140625
231 0.078125 0.54609375 0.15625 0.1453125
238 0.625 0.3890625 0.165625 0.1546875
239 0.33828125 0.47734375 0.153125 0.13125
231 0.790625 0.3484375 0.16875 0.153125
238 0.46796875 0.4421875 0.1609375 0.1453125
231 0.13046875 0.7109375 0.1609375 0.140625
239 0.921875 0.48359375 0.153125 0.1515625
231 0.290625 0.66796875 0.165625 0.1625
239 0.45078125 0.62265625 0.1703125 0.15
238 0.6125 0.5765625 0.1671875 0.15
238 0.7734375 0.53125 0.16875 0.1546875
239 0.14296875 0.17265625 0.1640625 0.15625
231 0.03359375 0.21953125 0.0671875 0.1609375
231 0.46875 0.0796875 0.1609375 0.1453125
238 0.31015625 0.12734375 0.171875 0.159375
239 0.63359375 0.0609375 0.1765625 0.121875
238 0.79296875 0.040625 0.1703125 0.08125