231 0.05546875 0.3984375 0.1109375 0.16875
238 0.79140625 0.15 0.1796875 0.159375
238 0.184375 0.35 0.184375 0.1625
239 0.63984375 0.2015625 0.15625 0.1390625
239 0.34375 0.30078125 0.165625 0.1546875
231 0.51015625 0.246875 0.1640625 0.159375
239 0.209375 0.51640625 0.159375 0.1453125
231 0.0796875 0.56015625 0.159375 0.1484375
238 0.62109375 0.38515625 0.16875 0.1578125
239 0.3375 0.4828125 0.15625 0.134375
231 0.78515625 0.33828125 0.171875 0.15625
238 0.46640625 0.44375 0.1625 0.1484375
231 0.13828125 0.7234375 0.1625 0.1453125
239 0.92109375 0.46796875 0.1546875 0.1546875
231 0.296875 0.675 0.16875 0.165625
239 0.4546875 0.62421875 0.1734375 0.153125
238 0.61484375 0.57265625 0.1703125 0.1546875
238 0.77421875 0.521875 0.1703125 0.1578125
239 0.13125 0.18515625 0.1671875 0.159375
231 0.0296875 0.23828125 0.059375 0.1640625
231 0.45390625 0.08125 0.1625 0.1484375
238 0.29765625 0.134375 0.1734375 0.1625
239 0.61640625 0.06015625 0.1796875 0.1203125
238 0.77578125 0.03671875 0.1734375 0.0734375