235 0.05078125 0.3796875 0.1015625 0.165625
238 0.7984375 0.12734375 0.178125 0.178125
233 0.64375 0.178125 0.171875 0.16875
235 0.33359375 0.28046875 0.171875 0.165625
233 0.4859375 0.23125 0.1671875 0.175
238 0.17734375 0.33125 0.1796875 0.165625
235 0.8484375 0.28515625 0.1703125 0.1765625
233 0.53828125 0.38671875 0.16875 0.1609375
235 0.69609375 0.33671875 0.1671875 0.1578125
238 0.3859375 0.440625 0.175 0.171875
233 0.08203125 0.54140625 0.1640625 0.1671875
238 0.22890625 0.4953125 0.18125 0.178125
238 0.9015625 0.44140625 0.16875 0.171875
235 0.59453125 0.5453125 0.1765625 0.1671875
233 0.28046875 0.65 0.1765625 0.1625
235 0.43984375 0.59921875 0.1765625 0.1703125
238 0.12578125 0.70234375 0.1734375 0.1734375
233 0.7484375 0.50390625 0.184375 0.1828125
233 0.028125 0.2203125 0.05625 0.165625
235 0.753125 0.0265625 0.175 0.053125
238 0.28359375 0.121875 0.1671875 0.175
235 0.12890625 0.17265625 0.1734375 0.1734375
238 0.9296875 0.609375 0.1375 0.171875
233 0.4890625 0.7609375 0.1578125 0.1546875
238 0.17734375 0.86171875 0.175 0.1828125
235 0.64609375 0.71171875 0.165625 0.165625
233 0.80078125 0.6609375 0.171875 0.16875
235 0.33515625 0.815625 0.178125 0.16875
238 0.4375 0.08203125 0.178125 0.1640625
233 0.5953125 0.05859375 0.178125 0.1171875
235 0.53828125 0.91015625 0.1640625 0.1703125
235 0.69375 0.86484375 0.1828125 0.1765625
238 0.96015625 0.765625 0.0765625 0.171875
233 0.38671875 0.9421875 0.1734375 0.1125
233 0.85703125 0.815625 0.1765625 0.1703125
238 0.22890625 0.9625 0.1796875 0.071875