235 0.04765625 0.46484375 0.0953125 0.1765625
238 0.72890625 0.08828125 0.1921875 0.1765625
233 0.58515625 0.1578125 0.184375 0.18125
235 0.29765625 0.3125 0.1828125 0.1796875
233 0.4390625 0.2375 0.18125 0.1859375
238 0.153125 0.38984375 0.190625 0.18125
235 0.80546875 0.228125 0.184375 0.1890625
233 0.51796875 0.38125 0.1796875 0.175
235 0.66484375 0.30546875 0.1765625 0.1703125
238 0.378125 0.46171875 0.1875 0.184375
233 0.0921875 0.6140625 0.1796875 0.178125
238 0.23203125 0.5421875 0.19375 0.1921875
238 0.88515625 0.37265625 0.1828125 0.184375
235 0.60078125 0.52890625 0.1875 0.18125
233 0.309375 0.6859375 0.1859375 0.1765625
235 0.45859375 0.6078125 0.1875 0.184375
238 0.16640625 0.7640625 0.1859375 0.1859375
233 0.7453125 0.4609375 0.196875 0.196875
238 0.22109375 0.16484375 0.18125 0.1859375
235 0.0859375 0.2421875 0.171875 0.1875
238 0.9328125 0.52890625 0.13125 0.1859375
233 0.53515625 0.75859375 0.16875 0.1671875
238 0.24609375 0.90625 0.1921875 0.184375
235 0.68046875 0.6828125 0.1765625 0.178125
233 0.82421875 0.60625 0.184375 0.18125
235 0.39296875 0.8390625 0.1890625 0.1828125
238 0.365625 0.09453125 0.190625 0.1890625
233 0.5109375 0.05703125 0.190625 0.1140625
235 0.60859375 0.896875 0.178125 0.18125
235 0.7546875 0.82578125 0.1953125 0.1921875
238 0.97578125 0.6734375 0.0453125 0.184375
233 0.46875 0.9453125 0.184375 0.10625
233 0.90546875 0.74921875 0.1859375 0.1859375