235 0.05078125 0.38828125 0.1015625 0.1671875
238 0.7921875 0.121875 0.1796875 0.1796875
233 0.6375 0.17578125 0.1734375 0.1703125
235 0.3296875 0.28359375 0.1734375 0.1671875
233 0.48125 0.23125 0.16875 0.1765625
238 0.17421875 0.33671875 0.18125 0.1671875
235 0.84453125 0.27890625 0.171875 0.178125
233 0.53671875 0.3859375 0.16875 0.1625
235 0.69296875 0.33359375 0.1671875 0.159375
238 0.38515625 0.44296875 0.1765625 0.1734375
233 0.08203125 0.55 0.1640625 0.16875
238 0.22890625 0.5 0.1828125 0.1796875
238 0.90078125 0.43515625 0.1703125 0.1734375
235 0.5953125 0.54375 0.178125 0.16875
233 0.2828125 0.65390625 0.178125 0.1640625
235 0.4421875 0.6 0.178125 0.171875
238 0.12890625 0.70859375 0.175 0.175
233 0.7484375 0.49921875 0.1859375 0.184375
233 0.02578125 0.23046875 0.0515625 0.1671875
235 0.74296875 0.02421875 0.1765625 0.0484375
238 0.2765625 0.12578125 0.16875 0.1765625
235 0.1234375 0.1796875 0.175 0.175
238 0.93046875 0.60078125 0.1359375 0.1734375
233 0.49375 0.7609375 0.159375 0.15625
238 0.18359375 0.8671875 0.1765625 0.184375
235 0.64921875 0.70859375 0.165625 0.1671875
233 0.803125 0.65625 0.1734375 0.1703125
235 0.34140625 0.81796875 0.1796875 0.1703125
238 0.43046875 0.08359375 0.1796875 0.1671875
233 0.58671875 0.0578125 0.1796875 0.115625
235 0.5453125 0.909375 0.165625 0.171875
235 0.70078125 0.86171875 0.184375 0.178125
238 0.96171875 0.75546875 0.0734375 0.1734375
233 0.3953125 0.94296875 0.175 0.1109375
233 0.8625 0.809375 0.178125 0.171875
238 0.2390625 0.9640625 0.18125 0.06875