234 0.8140625 0.13125 0.165625 0.165625
234 0.178125 0.328125 0.1796875 0.1640625
233 0.4953125 0.23125 0.175 0.171875
235 0.05390625 0.375 0.1078125 0.159375
235 0.65703125 0.18515625 0.1765625 0.1828125
233 0.33984375 0.2828125 0.1734375 0.1734375
234 0.54609375 0.38671875 0.1796875 0.18125
234 0.3875 0.43671875 0.165625 0.1640625
235 0.078125 0.5328125 0.15625 0.165625
235 0.23125 0.48515625 0.175 0.16875
233 0.8375 0.3015625 0.1765625 0.178125
233 0.70078125 0.34765625 0.171875 0.175
233 0.2796875 0.6453125 0.171875 0.165625
235 0.12265625 0.69375 0.1671875 0.1734375
234 0.909375 0.4546875 0.178125 0.175
234 0.75625 0.50390625 0.1625 0.1703125
235 0.59453125 0.5546875 0.184375 0.1796875
233 0.43515625 0.60703125 0.1796875 0.18125
233 0.60546875 0.04921875 0.1703125 0.0984375
234 0.4453125 0.0765625 0.171875 0.153125
233 0.13671875 0.165625 0.1765625 0.1625
235 0.765625 0.03203125 0.178125 0.0640625
234 0.29375 0.121875 0.16875 0.165625
235 0.03203125 0.221875 0.0640625 0.178125