234 0.78046875 0.10546875 0.1734375 0.171875
234 0.1640625 0.35703125 0.1859375 0.171875
233 0.471875 0.2328125 0.1828125 0.1796875
235 0.05078125 0.41640625 0.1015625 0.1671875
235 0.62890625 0.17265625 0.184375 0.190625
233 0.32109375 0.29765625 0.1796875 0.1796875
234 0.5359375 0.38359375 0.1875 0.1890625
234 0.38203125 0.44609375 0.1734375 0.1703125
235 0.08203125 0.57109375 0.1640625 0.1734375
235 0.23125 0.50859375 0.18125 0.1765625
233 0.81875 0.27265625 0.184375 0.1859375
233 0.68671875 0.33125 0.1796875 0.1828125
233 0.29296875 0.66328125 0.1796875 0.1734375
235 0.14140625 0.72578125 0.175 0.18125
234 0.90390625 0.41953125 0.184375 0.1828125
234 0.75546875 0.48203125 0.1703125 0.1765625
235 0.5984375 0.54609375 0.1921875 0.1875
233 0.4453125 0.6125 0.1875 0.1890625
233 0.56328125 0.04765625 0.1765625 0.0953125
234 0.4078125 0.08125 0.178125 0.1625
233 0.10859375 0.19921875 0.1828125 0.171875
235 0.71875 0.0234375 0.184375 0.046875
234 0.26171875 0.14140625 0.1765625 0.1734375
235 0.02265625 0.2671875 0.0453125 0.184375