234 0.94375 0.41171875 0.109375 0.1734375
234 0.3578125 0.16328125 0.1859375 0.171875
233 0.665625 0.28828125 0.1828125 0.1796875
235 0.21015625 0.10390625 0.16875 0.165625
235 0.8203125 0.35390625 0.184375 0.190625
233 0.51171875 0.23046875 0.1796875 0.1796875
234 0.60703125 0.44140625 0.1875 0.1890625
234 0.45234375 0.3796875 0.1734375 0.1703125
235 0.146875 0.25625 0.1734375 0.171875
235 0.30078125 0.31953125 0.18125 0.1765625
233 0.88671875 0.5578125 0.184375 0.1859375
233 0.75234375 0.50859375 0.1796875 0.1828125
233 0.2375 0.47421875 0.1796875 0.1734375
235 0.08671875 0.41328125 0.1734375 0.1828125
234 0.846875 0.72265625 0.184375 0.1828125
234 0.69609375 0.66484375 0.1703125 0.1765625
235 0.5390625 0.6015625 0.1921875 0.1875
233 0.3828125 0.54296875 0.1875 0.1890625
233 0.8859375 0.190625 0.175 0.16875
234 0.7296875 0.13046875 0.1765625 0.175
233 0.428125 0.04921875 0.184375 0.0984375
235 0.97109375 0.26015625 0.0546875 0.1859375
234 0.578125 0.08203125 0.178125 0.1640625
235 0.2703125 0.0234375 0.178125 0.046875