237 0.05625 0.390625 0.1125 0.165625
237 0.3140625 0.2859375 0.175 0.15625
237 0.6109375 0.1796875 0.175 0.1640625
236 0.16484375 0.35390625 0.1796875 0.171875
236 0.4578125 0.2578125 0.1734375 0.1734375
237 0.084375 0.5359375 0.16875 0.16875
237 0.22421875 0.48515625 0.178125 0.1734375
237 0.6625 0.325 0.18125 0.1734375
236 0.36171875 0.45625 0.171875 0.16875
236 0.81171875 0.2953125 0.18125 0.1734375
236 0.51484375 0.40625 0.178125 0.1625
237 0.57265625 0.52734375 0.184375 0.175
237 0.7203125 0.47890625 0.18125 0.18125
237 0.13359375 0.69453125 0.18125 0.178125
236 0.86015625 0.44296875 0.1828125 0.1765625
236 0.2703125 0.659375 0.1734375 0.1671875
236 0.4171875 0.60625 0.175 0.1625
237 0.45078125 0.7421875 0.1828125 0.1703125
237 0.1828125 0.84140625 0.1625 0.15
237 0.115625 0.1859375 0.178125 0.159375
236 0.5953125 0.70859375 0.1796875 0.1796875
237 0.5578125 0.05703125 0.184375 0.1140625
236 0.303125 0.83515625 0.1640625 0.1625
237 0.26484375 0.13671875 0.178125 0.16875
237 0.41875 0.92265625 0.178125 0.1515625
237 0.71484375 0.8203125 0.1796875 0.1765625
237 0.95390625 0.7171875 0.0890625 0.184375
236 0.559375 0.89453125 0.1796875 0.1921875
236 0.8515625 0.78984375 0.1765625 0.1890625
236 0.23828125 0.96328125 0.1859375 0.0703125
236 0.40546875 0.1015625 0.178125 0.18125
236 0.02578125 0.26640625 0.0515625 0.1734375