237 0.0796875 0.24921875 0.146875 0.128125
237 0.3890625 0.2390625 0.1484375 0.11875
237 0.7046875 0.2296875 0.1453125 0.128125
236 0.2265625 0.2578125 0.1484375 0.134375
236 0.534375 0.25625 0.1390625 0.140625
237 0.08671875 0.40234375 0.15 0.1296875
237 0.2421875 0.4 0.146875 0.1375
237 0.70859375 0.384375 0.1484375 0.1375
236 0.38203125 0.415625 0.140625 0.134375
236 0.86015625 0.4015625 0.1484375 0.1375
236 0.54296875 0.415625 0.15 0.125
237 0.56015625 0.5484375 0.1515625 0.1375
237 0.715625 0.54765625 0.1453125 0.146875
237 0.09140625 0.57109375 0.146875 0.14375
236 0.86015625 0.55703125 0.1484375 0.140625
236 0.23203125 0.58046875 0.1421875 0.1328125
236 0.38828125 0.57578125 0.146875 0.1265625
237 0.37890625 0.715625 0.1515625 0.1328125
237 0.09296875 0.7265625 0.1359375 0.115625
237 0.23125 0.0828125 0.153125 0.1203125
236 0.52578125 0.728125 0.1453125 0.1453125
237 0.70078125 0.06875 0.1515625 0.1375
236 0.20859375 0.7578125 0.1328125 0.1296875
237 0.38828125 0.08203125 0.146875 0.1328125
237 0.290625 0.88203125 0.1484375 0.125
237 0.60546875 0.87109375 0.146875 0.140625
237 0.91171875 0.86171875 0.1546875 0.1453125
236 0.43515625 0.89375 0.140625 0.159375
236 0.74453125 0.884375 0.1375 0.15625
236 0.08984375 0.9140625 0.1484375 0.15
236 0.53359375 0.0921875 0.1421875 0.146875
236 0.0671875 0.11171875 0.134375 0.1390625