237 0.2546875 0.0828125 0.184375 0.165625
237 0.5296875 0.21796875 0.18125 0.1671875
237 0.81015625 0.3625 0.18125 0.1734375
236 0.378125 0.15546875 0.1875 0.18125
236 0.6484375 0.30390625 0.1828125 0.1828125
237 0.1859375 0.21484375 0.1859375 0.178125
237 0.3234375 0.28828125 0.1859375 0.1828125
237 0.73828125 0.5 0.1890625 0.1828125
236 0.4375 0.36953125 0.1796875 0.178125
236 0.8625 0.58828125 0.1890625 0.1828125
236 0.57890625 0.446875 0.184375 0.171875
237 0.52890625 0.571875 0.1921875 0.184375
237 0.665625 0.646875 0.190625 0.190625
237 0.1078125 0.3640625 0.1890625 0.1875
236 0.7875 0.72421875 0.190625 0.1859375
236 0.2265625 0.440625 0.1796875 0.1765625
236 0.365625 0.5125 0.1828125 0.1734375
237 0.2890625 0.6296875 0.1890625 0.18125
237 0.059375 0.50078125 0.11875 0.1609375
237 0.46796875 0.0453125 0.1859375 0.090625
236 0.41171875 0.7125 0.1890625 0.1890625
237 0.88515625 0.21875 0.190625 0.184375
236 0.1203125 0.584375 0.171875 0.1703125
237 0.60625 0.0859375 0.1875 0.171875
237 0.13203125 0.73203125 0.1828125 0.1734375
237 0.4125 0.875 0.1890625 0.1859375
237 0.68515625 0.959375 0.1984375 0.078125
236 0.25234375 0.81328125 0.190625 0.1984375
236 0.52734375 0.928125 0.1890625 0.140625
236 0.01953125 0.66328125 0.0390625 0.1953125
236 0.7265625 0.159375 0.1875 0.1890625
236 0.3046875 0.0203125 0.184375 0.040625