196 0.54375 0.1296875 0.16875 0.203125
39 0.08515625 0.48515625 0.1703125 0.1984375
173 0.2765625 0.4375 0.1984375 0.2046875
193 0.3171875 0.62421875 0.15625 0.1953125
137 0.140625 0.67890625 0.2015625 0.2015625
36 0.6578125 0.55546875 0.1921875 0.209375
39 0.49765625 0.6265625 0.16875 0.215625
196 0.1828125 0.9203125 0.165625 0.15625
173 0.37578125 0.89921875 0.2140625 0.1984375
137 0.20859375 0.1703125 0.1921875 0.1875
193 0.37109375 0.1296875 0.15625 0.1796875
36 0.0515625 0.2203125 0.103125 0.18125