196 0.73828125 0.21328125 0.18125 0.2109375
39 0.15859375 0.26015625 0.184375 0.2046875
173 0.346875 0.32578125 0.2078125 0.2140625
193 0.27890625 0.5046875 0.16875 0.2015625
137 0.10390625 0.45546875 0.2078125 0.2140625
36 0.60234375 0.6328125 0.203125 0.2171875
39 0.42890625 0.6046875 0.1828125 0.2203125
196 0.040625 0.6984375 0.08125 0.209375
173 0.17421875 0.7734375 0.2234375 0.2234375
137 0.4359375 0.08203125 0.203125 0.1640625
193 0.59375 0.11953125 0.165625 0.1859375
36 0.25390625 0.05 0.1703125 0.1