193 0.70703125 0.39765625 0.159375 0.1828125
36 0.37578125 0.28046875 0.178125 0.20625
173 0.18359375 0.24375 0.2203125 0.228125
39 0.52890625 0.37890625 0.171875 0.1921875
196 0.85390625 0.5 0.16875 0.2046875
119 0.29140625 0.540625 0.203125 0.196875
173 0.10078125 0.48203125 0.2015625 0.2171875
193 0.053125 0.6578125 0.10625 0.1875
36 0.52578125 0.8515625 0.178125 0.2015625
39 0.17890625 0.75859375 0.1828125 0.2171875
196 0.33125 0.821875 0.1828125 0.1984375
137 0.2765625 0.04140625 0.2 0.0828125