137 0.7765625 0.19609375 0.2328125 0.2265625
193 0.4046875 0.34921875 0.1828125 0.20625
36 0.578125 0.27890625 0.19375 0.221875
39 0.096875 0.50859375 0.190625 0.2078125
196 0.25859375 0.44765625 0.1828125 0.203125
137 0.36953125 0.63515625 0.21875 0.2140625
39 0.203125 0.76328125 0.2171875 0.221875
193 0.62890625 0.78828125 0.1734375 0.190625
36 0.46953125 0.859375 0.1765625 0.2015625
196 0.80390625 0.76328125 0.1953125 0.2171875
173 0.3015625 0.9265625 0.23125 0.14375
173 0.07109375 0.27265625 0.1421875 0.2296875