49 0.165625 0.22265625 0.165625 0.2015625
227 0.35546875 0.2921875 0.184375 0.2046875
157 0.1140625 0.46328125 0.228125 0.2265625
157 0.50625 0.5953125 0.2171875 0.221875
49 0.70703125 0.6640625 0.1703125 0.1953125
49 0.3015625 0.534375 0.1890625 0.2
227 0.05234375 0.6765625 0.1046875 0.190625
227 0.2015625 0.7421875 0.1796875 0.1953125
157 0.884375 0.21640625 0.228125 0.2296875
49 0.2375 0.05234375 0.15625 0.1046875
227 0.42734375 0.0828125 0.1703125 0.165625
157 0.64609375 0.1421875 0.228125 0.2296875