75 0.44140625 0.1359375 0.1234375 0.1640625
85 0.6171875 0.12734375 0.14375 0.1984375
85 0.81640625 0.10625 0.1546875 0.1890625
75 0.06953125 0.41640625 0.1359375 0.159375
83 0.09921875 0.63671875 0.1359375 0.1734375
75 0.30859375 0.634375 0.128125 0.1296875
75 0.89453125 0.56171875 0.134375 0.1484375
85 0.48359375 0.634375 0.1484375 0.1796875
85 0.68359375 0.60703125 0.15 0.16875
83 0.140625 0.8671875 0.1375 0.184375
83 0.0578125 0.171875 0.115625 0.1875
83 0.23203125 0.1484375 0.1484375 0.1734375