76 0.23671875 0.065625 0.1984375 0.13125
76 0.15390625 0.23984375 0.2046875 0.2078125
84 0.46171875 0.5640625 0.184375 0.23125
84 0.65078125 0.6515625 0.2015625 0.240625
82 0.84921875 0.72578125 0.1734375 0.2078125
76 0.2640625 0.54921875 0.1921875 0.1953125
76 0.078125 0.48359375 0.15625 0.1796875
82 0.03203125 0.66953125 0.0640625 0.1984375
84 0.81640625 0.19140625 0.1921875 0.2296875
84 0.61796875 0.1203125 0.1890625 0.21875
82 0.421875 0.0765625 0.184375 0.153125
82 0.94921875 0.25859375 0.0984375 0.2046875