78 0.3546875 0.27421875 0.1875 0.2140625
77 0.15859375 0.20546875 0.18125 0.2171875
78 0.26796875 0.5203125 0.196875 0.2375
79 0.0796875 0.4328125 0.159375 0.225
78 0.85234375 0.76796875 0.1890625 0.2109375
77 0.45234375 0.60234375 0.21875 0.2328125
77 0.67109375 0.6953125 0.1828125 0.20625
79 0.03359375 0.65625 0.0671875 0.240625
79 0.46015625 0.08046875 0.1859375 0.1609375
77 0.2578125 0.040625 0.18125 0.08125
79 0.66171875 0.146875 0.1890625 0.215625
78 0.88203125 0.2515625 0.1734375 0.2140625