196 0.21796875 0.08203125 0.1796875 0.1640625
39 0.73984375 0.22109375 0.184375 0.203125
173 0.175 0.29765625 0.2140625 0.215625
193 0.44765625 0.60390625 0.16875 0.1890625
137 0.6453125 0.671875 0.2140625 0.23125
173 0.26484375 0.5953125 0.2109375 0.20625
196 0.075 0.5375 0.15 0.190625
39 0.82421875 0.76953125 0.171875 0.1984375
36 0.05390625 0.7296875 0.1078125 0.20625
193 0.57109375 0.115625 0.1703125 0.1921875
36 0.409375 0.08515625 0.178125 0.1703125
137 0.91796875 0.24296875 0.1609375 0.2203125