77 0.58828125 0.09609375 0.1734375 0.1921875
75 0.040625 0.26796875 0.08125 0.1765625
75 0.75859375 0.0828125 0.1484375 0.165625
76 0.40234375 0.178125 0.196875 0.1890625
76 0.08203125 0.50390625 0.1640625 0.1921875
77 0.5296875 0.6125 0.171875 0.2046875
77 0.1203125 0.71484375 0.1734375 0.215625
75 0.92265625 0.5421875 0.1515625 0.15625
76 0.3390625 0.70078125 0.1859375 0.1875
75 0.73203125 0.603125 0.16875 0.1828125
76 0.19921875 0.946875 0.1890625 0.103125
77 0.1734375 0.19453125 0.1890625 0.203125