79 0.15625 0.2703125 0.2015625 0.221875
79 0.53671875 0.08828125 0.2015625 0.1765625
82 0.03671875 0.38203125 0.0734375 0.2296875
82 0.3546875 0.171875 0.1953125 0.215625
78 0.2640625 0.4890625 0.2125 0.228125
78 0.08671875 0.5953125 0.1734375 0.221875
79 0.58359375 0.60078125 0.19375 0.2265625
78 0.7796875 0.49765625 0.19375 0.221875
82 0.21171875 0.82265625 0.196875 0.2125
82 0.40078125 0.71875 0.2078125 0.21875
78 0.52578125 0.8953125 0.2140625 0.20625
79 0.32578125 0.95390625 0.2015625 0.0890625