161 0.07890625 0.30625 0.1578125 0.128125
234 0.2296875 0.44453125 0.1578125 0.1703125
67 0.74140625 0.39140625 0.1578125 0.1390625
234 0.9109375 0.37421875 0.1546875 0.1421875
67 0.4015625 0.43046875 0.1546875 0.146875
234 0.57265625 0.4171875 0.1453125 0.15625
67 0.07109375 0.4734375 0.1421875 0.14375
234 0.19296875 0.11875 0.153125 0.1671875
67 0.70390625 0.071875 0.1609375 0.14375
234 0.0515625 0.1390625 0.103125 0.165625
234 0.35859375 0.10625 0.153125 0.1421875
67 0.52890625 0.0921875 0.1703125 0.1640625
67 0.8796875 0.0671875 0.159375 0.134375