161 0.06484375 0.43359375 0.1296875 0.1671875
234 0.22421875 0.52109375 0.190625 0.1984375
67 0.70234375 0.32890625 0.18125 0.1703125
234 0.86015625 0.265625 0.1796875 0.171875
67 0.3859375 0.46015625 0.18125 0.175
234 0.546875 0.4 0.175 0.18125
67 0.08203125 0.59375 0.1640625 0.171875
234 0.1 0.21875 0.1859375 0.19375
67 0.5765625 0.059375 0.1875 0.11875
234 0.01875 0.28203125 0.0375 0.1921875
234 0.25546875 0.16015625 0.178125 0.171875
67 0.41484375 0.1 0.2 0.196875
67 0.74375 0.03125 0.1875 0.0625