196 0.6671875 0.20078125 0.19375 0.2125
39 0.3359375 0.06484375 0.221875 0.1296875
173 0.2375 0.22578125 0.2359375 0.2359375
193 0.28671875 0.4984375 0.1921875 0.1984375
36 0.4359375 0.5921875 0.225 0.234375
196 0.56640625 0.70859375 0.20625 0.2203125
173 0.1109375 0.44765625 0.221875 0.2390625
39 0.03828125 0.64453125 0.0765625 0.2234375
173 0.14765625 0.75078125 0.23125 0.2296875
137 0.534375 0.096875 0.23125 0.19375
193 0.8375 0.253125 0.196875 0.2015625
36 0.94921875 0.34921875 0.0984375 0.2171875