187 0.92421875 0.2640625 0.1484375 0.190625
30 0.7734375 0.215625 0.1984375 0.1921875
120 0.18125 0.278125 0.234375 0.2015625
189 0.2578125 0.525 0.1578125 0.2
32 0.4296875 0.58203125 0.16875 0.2109375
120 0.62421875 0.67265625 0.2296875 0.221875
187 0.796875 0.73046875 0.190625 0.203125
30 0.09921875 0.51796875 0.1984375 0.1953125
122 0.0734375 0.71015625 0.146875 0.2171875
189 0.60234375 0.12109375 0.1515625 0.1859375
32 0.24453125 0.059375 0.1703125 0.11875
122 0.4203125 0.09609375 0.209375 0.1921875