187 0.75859375 0.08046875 0.1828125 0.1609375
30 0.5875 0.115625 0.19375 0.1859375
120 0.1140625 0.47421875 0.228125 0.1953125
189 0.30546875 0.64609375 0.15 0.1953125
32 0.48203125 0.60703125 0.1609375 0.2078125
120 0.6953125 0.584375 0.2234375 0.2140625
187 0.8734375 0.54453125 0.184375 0.196875
30 0.15859375 0.725 0.2078125 0.1875
122 0.2203125 0.903125 0.19375 0.190625
189 0.39296875 0.12265625 0.1453125 0.1828125
32 0.0578125 0.21953125 0.115625 0.1953125
122 0.21484375 0.18046875 0.2 0.2171875