189 0.50625 0.12890625 0.1296875 0.1796875
30 0.3421875 0.15859375 0.1671875 0.153125
187 0.88671875 0.1890625 0.1671875 0.1515625
120 0.1359375 0.15234375 0.1984375 0.153125
122 0.11875 0.33828125 0.178125 0.1875
189 0.65625 0.63203125 0.1265625 0.1734375
122 0.11015625 0.60390625 0.1953125 0.184375
32 0.3015625 0.61875 0.1375 0.203125
187 0.49453125 0.6640625 0.1625 0.1765625
30 0.85390625 0.68515625 0.165625 0.178125
120 0.10234375 0.88671875 0.1921875 0.153125
32 0.696875 0.12734375 0.1390625 0.19375