138 0.34375 0.05078125 0.234375 0.1015625
49 0.40546875 0.26875 0.1921875 0.2109375
227 0.22890625 0.175 0.19375 0.2109375
157 0.8109375 0.4875 0.25 0.2515625
49 0.5890625 0.3765625 0.1921875 0.2109375
157 0.14765625 0.39609375 0.240625 0.2390625
227 0.33828125 0.5015625 0.1953125 0.215625
138 0.56953125 0.90390625 0.2296875 0.1890625
219 0.4203125 0.846875 0.15625 0.1609375
41 0.125 0.690625 0.1625 0.165625
219 0.715625 0.9578125 0.178125 0.08125
41 0.0359375 0.62109375 0.071875 0.1671875
138 0.28359375 0.78125 0.2140625 0.209375
219 0.75625 0.1984375 0.165625 0.1671875
138 0.959375 0.346875 0.078125 0.2125
41 0.5 0.078125 0.175 0.15625
41 0.8796875 0.26875 0.1515625 0.153125
219 0.63359375 0.13984375 0.171875 0.1890625