138 0.16484375 0.08671875 0.1984375 0.16875
49 0.32578125 0.32109375 0.14375 0.1828125
227 0.1265625 0.30078125 0.1453125 0.184375
157 0.78359375 0.371875 0.2015625 0.20625
49 0.5359375 0.35234375 0.14375 0.1828125
157 0.134375 0.53515625 0.196875 0.1921875
227 0.35078125 0.56171875 0.1453125 0.1890625
138 0.72109375 0.86328125 0.1921875 0.1703125
219 0.55546875 0.8515625 0.1234375 0.1328125
41 0.22421875 0.8171875 0.13125 0.1359375
219 0.8890625 0.88828125 0.14375 0.1421875
41 0.07265625 0.80234375 0.1296875 0.1359375
138 0.40546875 0.8421875 0.178125 0.1671875
219 0.62421875 0.12421875 0.134375 0.1359375
138 0.91953125 0.15703125 0.1578125 0.1640625
41 0.33671875 0.0953125 0.1328125 0.15625
41 0.765625 0.14375 0.1234375 0.125
219 0.4890625 0.11640625 0.1265625 0.165625