138 0.053125 0.3546875 0.10625 0.221875
49 0.2546875 0.45390625 0.19375 0.2109375
227 0.0890625 0.55078125 0.178125 0.2140625
157 0.65859375 0.23203125 0.2515625 0.253125
49 0.44453125 0.35859375 0.19375 0.2109375
157 0.2203125 0.7390625 0.2421875 0.240625
227 0.41328125 0.63671875 0.196875 0.2171875
138 0.88671875 0.67109375 0.2234375 0.2203125
219 0.74765625 0.75625 0.15625 0.1609375
41 0.45625 0.9171875 0.165625 0.1625
219 0.975 0.5953125 0.046875 0.178125
41 0.3234375 0.95390625 0.165625 0.0890625
138 0.61875 0.834375 0.215625 0.2109375
219 0.3859375 0.12109375 0.1671875 0.1671875
138 0.6625 0.0375 0.228125 0.075
41 0.134375 0.2625 0.1734375 0.184375
41 0.51328125 0.0671875 0.1546875 0.134375
219 0.27109375 0.1921875 0.1734375 0.1890625