120 0.79296875 0.24921875 0.2453125 0.23125
30 0.934375 0.3515625 0.128125 0.215625
122 0.20703125 0.20703125 0.23125 0.2390625
122 0.10546875 0.44453125 0.2109375 0.2421875
32 0.47265625 0.62734375 0.19375 0.2171875
189 0.80078125 0.78359375 0.1890625 0.2109375
120 0.2875 0.5765625 0.240625 0.234375
187 0.6265625 0.73828125 0.2171875 0.2109375
30 0.04609375 0.7078125 0.0921875 0.23125
188 0.28671875 0.0359375 0.1765625 0.071875
189 0.44296875 0.07890625 0.1984375 0.1578125
32 0.6125 0.12578125 0.20625 0.2296875