120 0.5828125 0.1234375 0.2234375 0.2015625
30 0.79609375 0.09296875 0.2046875 0.1859375
122 0.09609375 0.4421875 0.1921875 0.21875
122 0.14140625 0.70078125 0.2046875 0.2171875
32 0.5546875 0.61875 0.165625 0.2015625
189 0.9109375 0.5453125 0.1609375 0.196875
120 0.3765625 0.6890625 0.2171875 0.20625
187 0.74453125 0.6140625 0.196875 0.1859375
30 0.20703125 0.9375 0.2046875 0.121875
188 0.04296875 0.2046875 0.0859375 0.190625
189 0.17890625 0.1703125 0.165625 0.2125
32 0.36484375 0.13359375 0.1765625 0.2140625