32 0.2890625 0.1390625 0.146875 0.1921875
187 0.82734375 0.13125 0.178125 0.184375
30 0.4796875 0.16171875 0.1765625 0.1546875
120 0.1 0.1953125 0.196875 0.159375
122 0.1078125 0.39140625 0.1765625 0.1921875
189 0.09609375 0.63671875 0.134375 0.1765625
32 0.44921875 0.62109375 0.153125 0.1890625
122 0.6484375 0.6078125 0.1859375 0.203125
30 0.865625 0.6171875 0.1703125 0.1703125
187 0.278125 0.6625 0.165625 0.18125
120 0.15703125 0.9140625 0.1890625 0.16875
189 0.6421875 0.1109375 0.1265625 0.171875