32 0.203125 0.20546875 0.1875 0.2171875
187 0.721875 0.084375 0.215625 0.16875
30 0.3921875 0.178125 0.203125 0.1890625
120 0.07421875 0.31015625 0.1484375 0.2015625
122 0.10078125 0.49609375 0.2015625 0.2265625
189 0.1453125 0.73671875 0.1703125 0.2
32 0.48203125 0.63046875 0.1921875 0.215625
122 0.67109375 0.565625 0.2265625 0.2375
30 0.8828125 0.51875 0.203125 0.203125
187 0.32734375 0.71484375 0.2015625 0.2125
120 0.27578125 0.9421875 0.2203125 0.1125
189 0.53671875 0.0921875 0.1640625 0.184375