32 0.3015625 0.13203125 0.1421875 0.1875
187 0.83984375 0.14296875 0.171875 0.178125
30 0.49140625 0.1609375 0.171875 0.1484375
120 0.11015625 0.18125 0.1921875 0.153125
122 0.11171875 0.37734375 0.1703125 0.1875
189 0.09140625 0.62265625 0.128125 0.1734375
32 0.44453125 0.61953125 0.146875 0.184375
122 0.64453125 0.61328125 0.1796875 0.1984375
30 0.8609375 0.6296875 0.165625 0.165625
187 0.27265625 0.6546875 0.159375 0.1765625
120 0.14296875 0.90234375 0.1828125 0.1640625
189 0.65546875 0.11640625 0.121875 0.16875