187 0.30390625 0.20078125 0.215625 0.209375
30 0.046875 0.36171875 0.09375 0.2203125
120 0.4890625 0.1203125 0.2359375 0.228125
189 0.07421875 0.55703125 0.1484375 0.2109375
189 0.88359375 0.42890625 0.190625 0.20625
122 0.54453125 0.59453125 0.2140625 0.21875
32 0.1765625 0.78125 0.2 0.215625
30 0.74140625 0.5359375 0.2234375 0.2171875
120 0.37421875 0.71875 0.2375 0.2234375
187 0.29765625 0.9578125 0.2171875 0.08125
32 0.12734375 0.25078125 0.209375 0.2265625
122 0.65625 0.053125 0.215625 0.10625