187 0.4359375 0.1484375 0.171875 0.1609375
30 0.08203125 0.1703125 0.1640625 0.175
120 0.63828125 0.14609375 0.190625 0.1734375
189 0.06796875 0.37890625 0.1296875 0.18125
189 0.88046875 0.584375 0.1390625 0.171875
122 0.50390625 0.6046875 0.1640625 0.175
32 0.0921875 0.6328125 0.1484375 0.178125
30 0.7078125 0.62734375 0.1796875 0.1671875
120 0.29921875 0.65234375 0.1953125 0.1671875
187 0.10859375 0.90390625 0.16875 0.16875
32 0.25390625 0.125 0.153125 0.190625
122 0.840625 0.09453125 0.1625 0.1796875