120 0.471875 0.15 0.1765625 0.1609375
30 0.8796875 0.14296875 0.1609375 0.1546875
187 0.10390625 0.3953125 0.1703125 0.171875
189 0.484375 0.59140625 0.128125 0.184375
122 0.31015625 0.6046875 0.1609375 0.1828125
32 0.6625 0.59609375 0.14375 0.1953125
120 0.88203125 0.615625 0.1875 0.165625
30 0.1234375 0.6515625 0.159375 0.1421875
187 0.12265625 0.87578125 0.1734375 0.15625
189 0.2640625 0.121875 0.1359375 0.1734375
32 0.0890625 0.13046875 0.153125 0.184375
122 0.6671875 0.1125 0.1640625 0.1734375