195 0.7390625 0.13671875 0.1640625 0.1828125
188 0.196875 0.4265625 0.1734375 0.1828125
172 0.48359375 0.27421875 0.1921875 0.2
38 0.0828125 0.49375 0.165625 0.19375
121 0.33671875 0.35859375 0.1875 0.1984375
31 0.6234375 0.20859375 0.175 0.1890625
172 0.4421875 0.5265625 0.1875 0.196875
38 0.3015625 0.6015625 0.175 0.1921875
188 0.83984375 0.31875 0.175 0.1828125
195 0.7140625 0.3859375 0.1671875 0.178125
121 0.5984375 0.45546875 0.178125 0.18125
31 0.1765625 0.68203125 0.16875 0.1859375
38 0.6921875 0.62265625 0.171875 0.1921875
172 0.40703125 0.77890625 0.2015625 0.20625
188 0.81640625 0.5640625 0.159375 0.1734375
195 0.92421875 0.503125 0.1484375 0.190625
121 0.56328125 0.70390625 0.178125 0.1890625
31 0.275 0.86640625 0.1859375 0.2015625
195 0.2453125 0.16875 0.1546875 0.175
188 0.3671875 0.10390625 0.1625 0.175
188 0.884375 0.7625 0.165625 0.18125
38 0.03046875 0.31953125 0.0609375 0.1953125
31 0.7671875 0.82890625 0.1671875 0.1875
195 0.3515625 0.9765625 0.175 0.04375
172 0.9703125 0.6875 0.05625 0.196875
38 0.48671875 0.9390625 0.1796875 0.11875
121 0.63125 0.90390625 0.1890625 0.1890625
172 0.11640625 0.24296875 0.203125 0.2078125
31 0.6546875 0.02578125 0.165625 0.0515625
121 0.515625 0.06875 0.19375 0.1375