195 0.84921875 0.240625 0.125 0.1640625
188 0.23984375 0.32734375 0.1390625 0.1578125
172 0.56171875 0.28203125 0.15625 0.171875
38 0.10390625 0.3484375 0.1375 0.1703125
121 0.39453125 0.3109375 0.15 0.1734375
31 0.71484375 0.26875 0.1359375 0.1671875
172 0.43671875 0.5046875 0.1515625 0.16875
38 0.27890625 0.528125 0.1359375 0.1703125
188 0.88125 0.4453125 0.140625 0.1578125
195 0.73984375 0.46640625 0.13125 0.15625
121 0.6078125 0.4921875 0.1453125 0.1546875
31 0.13359375 0.56015625 0.13125 0.165625
38 0.63828125 0.68125 0.13125 0.1734375
172 0.3171875 0.7296875 0.1640625 0.1765625
188 0.775 0.66796875 0.1265625 0.1515625
195 0.9078125 0.65078125 0.128125 0.171875
121 0.48984375 0.71328125 0.1421875 0.1640625
31 0.1625 0.7671875 0.146875 0.178125
195 0.3734375 0.1015625 0.115625 0.159375
188 0.5109375 0.0828125 0.128125 0.153125
188 0.771875 0.878125 0.128125 0.1609375
38 0.06796875 0.1484375 0.1359375 0.171875
31 0.63828125 0.9 0.128125 0.16875
195 0.17265625 0.9390625 0.1359375 0.11875
172 0.93046875 0.859375 0.1359375 0.16875
38 0.32421875 0.9265625 0.1359375 0.14375
121 0.48515625 0.92109375 0.1578125 0.1546875
172 0.22734375 0.12734375 0.165625 0.1765625
31 0.83046875 0.0640625 0.1265625 0.128125
121 0.671875 0.07734375 0.159375 0.1546875