195 0.9265625 0.46484375 0.14375 0.1828125
188 0.37109375 0.215625 0.16875 0.1796875
172 0.66796875 0.34765625 0.1875 0.1953125
38 0.24453125 0.16171875 0.1703125 0.190625
121 0.5109375 0.284375 0.18125 0.1953125
31 0.80546875 0.41796875 0.16875 0.1859375
172 0.44375 0.4703125 0.18125 0.1921875
38 0.29765625 0.40625 0.16875 0.1890625
188 0.85234375 0.65625 0.16875 0.1796875
195 0.72109375 0.5984375 0.1609375 0.175
121 0.5953125 0.55 0.171875 0.178125
31 0.1578125 0.35703125 0.1640625 0.184375
38 0.52109375 0.7265625 0.1640625 0.190625
172 0.22265625 0.5984375 0.1953125 0.203125
188 0.64453125 0.78828125 0.1546875 0.1703125
195 0.765625 0.84375 0.1625 0.1875
121 0.378125 0.67578125 0.171875 0.1859375
31 0.08203125 0.5484375 0.1640625 0.2
195 0.60390625 0.09453125 0.1484375 0.1734375
188 0.73046875 0.1515625 0.15625 0.171875
188 0.53046875 0.93671875 0.1609375 0.1234375
38 0.3171875 0.03359375 0.175 0.0671875
31 0.40625 0.90859375 0.1625 0.1796875
195 0.03046875 0.72109375 0.0609375 0.1890625
172 0.6828125 0.96953125 0.184375 0.0578125
38 0.1140625 0.784375 0.1703125 0.196875
121 0.26328125 0.85234375 0.184375 0.1859375
172 0.46640625 0.07109375 0.1984375 0.1421875
31 0.9703125 0.2890625 0.05625 0.184375
121 0.87421875 0.2265625 0.1875 0.19375