188 0.3140625 0.159375 0.153125 0.184375
38 0.61640625 0.24609375 0.159375 0.2
172 0.16796875 0.11875 0.1828125 0.2
195 0.4578125 0.20234375 0.1515625 0.190625
121 0.921875 0.34609375 0.153125 0.2046875
31 0.76796875 0.3 0.165625 0.19375
188 0.26015625 0.37421875 0.1578125 0.190625
38 0.40625 0.41640625 0.1546875 0.1890625
172 0.575 0.46640625 0.190625 0.2078125
172 0.9046875 0.56328125 0.1875 0.2234375
31 0.74296875 0.5171875 0.178125 0.2109375
121 0.1046875 0.33671875 0.178125 0.1890625
195 0.678125 0.725 0.165625 0.203125
188 0.828125 0.775 0.1421875 0.178125
121 0.06484375 0.55234375 0.1296875 0.1984375
38 0.53125 0.69453125 0.159375 0.203125
172 0.3734375 0.65 0.19375 0.2125
31 0.20625 0.6015625 0.175 0.2
195 0.42578125 0.8875 0.1609375 0.184375
121 0.5984375 0.91640625 0.196875 0.1640625
188 0.28828125 0.85390625 0.1484375 0.18125
172 0.13046875 0.809375 0.2046875 0.2125
38 0.02265625 0.7640625 0.0453125 0.1875
31 0.7671875 0.94921875 0.178125 0.0984375