188 0.3953125 0.12578125 0.1765625 0.19375
38 0.67109375 0.27890625 0.1859375 0.209375
172 0.26328125 0.08125 0.2078125 0.1625
195 0.52578125 0.20078125 0.1765625 0.1984375
121 0.928125 0.45 0.140625 0.221875
31 0.80625 0.36484375 0.190625 0.2046875
188 0.29453125 0.3234375 0.18125 0.2
38 0.42734375 0.396875 0.1796875 0.1984375
172 0.58046875 0.48359375 0.2140625 0.225
172 0.88359375 0.65390625 0.2203125 0.2359375
31 0.7328125 0.57109375 0.2046875 0.2234375
121 0.1515625 0.25234375 0.1984375 0.20625
195 0.6234375 0.759375 0.190625 0.2125
188 0.7578125 0.8421875 0.165625 0.1859375
121 0.07109375 0.44765625 0.1421875 0.2109375
38 0.48671875 0.69609375 0.1875 0.2125
172 0.34296875 0.6171875 0.2171875 0.228125
31 0.190625 0.5328125 0.1984375 0.2125
195 0.33984375 0.8609375 0.1828125 0.196875
121 0.4984375 0.91796875 0.21875 0.1609375
188 0.2140625 0.796875 0.171875 0.190625
172 0.0921875 0.71796875 0.184375 0.2328125
31 0.64765625 0.96875 0.2015625 0.059375