188 0.25234375 0.20078125 0.1265625 0.1671875
38 0.56640625 0.228125 0.13125 0.184375
172 0.1015625 0.1890625 0.15625 0.1796875
195 0.4015625 0.21640625 0.125 0.175
121 0.90546875 0.2640625 0.16875 0.1796875
31 0.725 0.25234375 0.1390625 0.175
188 0.240625 0.42265625 0.1296875 0.175
38 0.3921875 0.4359375 0.1265625 0.1734375
172 0.5671875 0.45234375 0.1625 0.1859375
172 0.91328125 0.484375 0.1625 0.2015625
31 0.7421875 0.4703125 0.1484375 0.1921875
121 0.08046875 0.415625 0.153125 0.16875
195 0.71796875 0.68671875 0.1359375 0.1859375
188 0.875 0.7078125 0.115625 0.1640625
121 0.0671875 0.63984375 0.134375 0.1796875
38 0.56796875 0.684375 0.1296875 0.1875
172 0.40390625 0.67109375 0.165625 0.1890625
31 0.23046875 0.65625 0.146875 0.1796875
195 0.50078125 0.89453125 0.1359375 0.1671875
121 0.68046875 0.90859375 0.1703125 0.1796875
188 0.359375 0.8875 0.1234375 0.165625
172 0.19609375 0.87421875 0.178125 0.1875
38 0.04609375 0.86015625 0.0921875 0.1703125
31 0.85625 0.92421875 0.153125 0.1484375