157 0.3484375 0.0421875 0.221875 0.084375
227 0.5296875 0.09609375 0.2 0.1921875
157 0.2453125 0.16875 0.225 0.2296875
227 0.4203125 0.27421875 0.1828125 0.1953125
41 0.61796875 0.66171875 0.1609375 0.1640625
138 0.11953125 0.38671875 0.2015625 0.19375
138 0.30546875 0.490625 0.2125 0.1984375
219 0.46640625 0.5828125 0.1484375 0.159375
219 0.7734375 0.7609375 0.184375 0.1921875
41 0.03828125 0.565625 0.0765625 0.178125
49 0.909375 0.2765625 0.178125 0.20625
157 0.72578125 0.178125 0.2171875 0.21875