195 0.34296875 0.3109375 0.1828125 0.203125
172 0.06640625 0.45859375 0.1328125 0.2265625
31 0.78203125 0.10703125 0.18125 0.20625
38 0.62890625 0.18203125 0.2140625 0.2234375
188 0.4859375 0.2515625 0.1703125 0.1890625
121 0.196875 0.38828125 0.20625 0.20625
188 0.2390625 0.61171875 0.1875 0.215625
38 0.10234375 0.67578125 0.19375 0.234375
195 0.875 0.31640625 0.1828125 0.2046875
121 0.40390625 0.540625 0.2296875 0.2359375
31 0.571875 0.4640625 0.16875 0.1953125
172 0.7390625 0.39921875 0.2234375 0.2390625