195 0.396875 0.27734375 0.1515625 0.1859375
172 0.07109375 0.3375 0.1421875 0.20625
31 0.87421875 0.19375 0.146875 0.1890625
38 0.70703125 0.2265625 0.1828125 0.1984375
188 0.55078125 0.25625 0.140625 0.171875
121 0.23671875 0.3140625 0.1796875 0.1796875
188 0.21875 0.53984375 0.1515625 0.1984375
38 0.0734375 0.56796875 0.146875 0.2234375
195 0.909375 0.41953125 0.15 0.1859375
121 0.396875 0.5140625 0.196875 0.2078125
31 0.57890625 0.48359375 0.1375 0.1796875
172 0.75703125 0.4640625 0.1890625 0.2140625