123 0.67578125 0.17109375 0.209375 0.215625
190 0.95625 0.31953125 0.084375 0.2015625
191 0.2484375 0.065625 0.190625 0.13125
34 0.428125 0.11953125 0.2046875 0.203125
124 0.19765625 0.24765625 0.2015625 0.2015625
123 0.50703125 0.5921875 0.234375 0.234375
33 0.6859375 0.68125 0.2125 0.2359375
29 0.83828125 0.77265625 0.1671875 0.1640625
124 0.27421875 0.534375 0.2296875 0.2140625
191 0.08359375 0.44765625 0.1671875 0.2015625
190 0.08125 0.63515625 0.1625 0.2078125
33 0.8546875 0.24453125 0.178125 0.2