123 0.54609375 0.1296875 0.1640625 0.175
190 0.90546875 0.1515625 0.13125 0.1703125
191 0.096875 0.15234375 0.146875 0.159375
34 0.296875 0.1703125 0.1625 0.1609375
124 0.12734375 0.37265625 0.1609375 0.159375
123 0.5390625 0.58359375 0.1875 0.1859375
33 0.7390625 0.60234375 0.15625 0.2
29 0.9140625 0.63359375 0.134375 0.1296875
124 0.3015625 0.61328125 0.190625 0.1609375
191 0.07734375 0.60546875 0.1546875 0.1640625
190 0.13984375 0.78203125 0.15 0.1703125
33 0.73984375 0.134375 0.13125 0.1703125