123 0.42265625 0.13515625 0.1953125 0.203125
190 0.76953125 0.06796875 0.1640625 0.1359375
191 0.046875 0.303125 0.09375 0.1875
34 0.2 0.2546875 0.1921875 0.1890625
124 0.10625 0.50078125 0.1890625 0.1890625
123 0.5640625 0.56640625 0.2203125 0.21875
33 0.759375 0.51953125 0.19375 0.225
29 0.92734375 0.49140625 0.1421875 0.1546875
124 0.34921875 0.671875 0.2171875 0.196875
191 0.134375 0.7375 0.1828125 0.1890625
190 0.2515625 0.884375 0.18125 0.196875
33 0.60859375 0.08671875 0.1640625 0.1734375