124 0.9296875 0.26796875 0.1375 0.1890625
34 0.54453125 0.16171875 0.184375 0.178125
191 0.1140625 0.271875 0.1703125 0.18125
190 0.47265625 0.55703125 0.1640625 0.209375
123 0.10234375 0.47265625 0.18125 0.209375
191 0.61953125 0.64609375 0.203125 0.2234375
124 0.8484375 0.70703125 0.2 0.2140625
34 0.265625 0.55546875 0.1828125 0.2015625
33 0.05546875 0.68203125 0.1109375 0.2140625
123 0.22421875 0.06328125 0.1984375 0.1265625
190 0.39375 0.0828125 0.15 0.165625
33 0.78125 0.18125 0.1671875 0.1984375