191 0.33203125 0.1203125 0.1703125 0.190625
34 0.13828125 0.10859375 0.1671875 0.1921875
124 0.1359375 0.3328125 0.1890625 0.1765625
190 0.48515625 0.5734375 0.1515625 0.196875
33 0.30625 0.54921875 0.1578125 0.1921875
191 0.63359375 0.634375 0.1703125 0.1796875
124 0.87734375 0.67421875 0.184375 0.190625
34 0.08515625 0.5640625 0.1703125 0.1875
123 0.08828125 0.74609375 0.1765625 0.1953125
190 0.55625 0.109375 0.14375 0.196875
123 0.9296875 0.16640625 0.1375 0.1953125
33 0.75 0.14140625 0.1484375 0.1921875