191 0.2390625 0.17734375 0.16875 0.1875
34 0.06640625 0.215625 0.1328125 0.190625
124 0.10546875 0.4328125 0.1875 0.1734375
190 0.5046875 0.575 0.15 0.1953125
33 0.32578125 0.59765625 0.1546875 0.190625
191 0.66328125 0.5953125 0.1671875 0.178125
124 0.90859375 0.57109375 0.1796875 0.1890625
34 0.11328125 0.6703125 0.1703125 0.184375
123 0.16171875 0.8453125 0.18125 0.1921875
190 0.453125 0.10859375 0.1421875 0.1953125
123 0.85078125 0.07890625 0.1796875 0.1578125
33 0.6484375 0.09296875 0.146875 0.1859375