191 0.365625 0.18671875 0.1796875 0.1921875
34 0.171875 0.25703125 0.1796875 0.1890625
124 0.10546875 0.51328125 0.2109375 0.2265625
33 0.4875 0.59140625 0.2 0.221875
190 0.31484375 0.6546875 0.1859375 0.21875
191 0.13359375 0.75625 0.1765625 0.1828125
34 0.6796875 0.5703125 0.1921875 0.2
124 0.89140625 0.5015625 0.2140625 0.23125
123 0.2296875 0.90390625 0.209375 0.1890625
123 0.565625 0.09296875 0.221875 0.1859375
190 0.75546875 0.05546875 0.1671875 0.1109375
33 0.040625 0.278125 0.08125 0.20625