191 0.36015625 0.1890625 0.18125 0.19375
34 0.1671875 0.2625 0.18125 0.190625
124 0.10625 0.5203125 0.2125 0.228125
33 0.4890625 0.5921875 0.2015625 0.221875
190 0.3171875 0.6578125 0.1890625 0.2203125
191 0.13828125 0.76328125 0.178125 0.184375
34 0.68046875 0.5671875 0.19375 0.2015625
124 0.89140625 0.49453125 0.2140625 0.2328125
123 0.23671875 0.90546875 0.2109375 0.1859375
123 0.55859375 0.09296875 0.2234375 0.1859375
190 0.74609375 0.05390625 0.1703125 0.1078125
33 0.03984375 0.28671875 0.0796875 0.2078125