191 0.3828125 0.08828125 0.19375 0.1765625
34 0.78359375 0.23828125 0.1953125 0.1890625
124 0.59296875 0.171875 0.21875 0.2
33 0.18984375 0.19609375 0.1921875 0.2125
190 0.67265625 0.62109375 0.1703125 0.203125
123 0.33671875 0.496875 0.2203125 0.2375
33 0.515625 0.57109375 0.1875 0.2078125
191 0.80625 0.71484375 0.19375 0.2078125
124 0.10703125 0.459375 0.2 0.2015625
34 0.04765625 0.65078125 0.0953125 0.1984375
190 0.25390625 0.04296875 0.1859375 0.0859375
123 0.95078125 0.27578125 0.0953125 0.2234375