191 0.209375 0.17265625 0.159375 0.165625
34 0.640625 0.140625 0.165625 0.15625
124 0.43984375 0.1640625 0.190625 0.1609375
33 0.08828125 0.3625 0.153125 0.1859375
190 0.70859375 0.5328125 0.1296875 0.1828125
123 0.3515625 0.56875 0.178125 0.2046875
33 0.5453125 0.55703125 0.15 0.1828125
191 0.86875 0.55859375 0.1578125 0.1796875
124 0.12890625 0.6359375 0.1671875 0.1703125
34 0.11484375 0.85625 0.1609375 0.165625
190 0.0625 0.14296875 0.125 0.1796875
123 0.86796875 0.08203125 0.1984375 0.1640625