191 0.33203125 0.09609375 0.1796875 0.184375
34 0.75 0.20546875 0.184375 0.1765625
124 0.55234375 0.1625 0.2078125 0.184375
33 0.15546875 0.2359375 0.1765625 0.203125
190 0.6859375 0.5984375 0.153125 0.196875
123 0.3375 0.51640625 0.2046875 0.225
33 0.52421875 0.56875 0.171875 0.1984375
191 0.8296875 0.67578125 0.1796875 0.196875
124 0.10546875 0.5078125 0.1875 0.1890625
34 0.05546875 0.7109375 0.1109375 0.1875
190 0.19140625 0.05703125 0.1703125 0.1140625
123 0.93828125 0.2140625 0.1203125 0.209375