51 0.22734375 0.06640625 0.1828125 0.1328125
159 0.9015625 0.2828125 0.19375 0.228125
229 0.39296875 0.09609375 0.1765625 0.1890625
226 0.1703125 0.21015625 0.16875 0.209375
48 0.26796875 0.49609375 0.18125 0.2234375
145 0.11171875 0.44296875 0.2234375 0.2296875
226 0.584375 0.63046875 0.16875 0.1953125
51 0.72578125 0.715625 0.1734375 0.190625
229 0.41640625 0.6078125 0.19375 0.21875
159 0.06640625 0.68671875 0.1328125 0.2328125
48 0.5609375 0.11640625 0.171875 0.203125
145 0.74296875 0.1828125 0.2234375 0.221875